74,724,60,45
74,721,59,45
76,709,58,49
75,705,58,49
72,701,58,48
71,698,58,48
69,695,58,47
67,690,58,47
66,688,58,47
69,683,58,47
71,681,58,47
76,677,58,47
77,674,58,47
78,667,58,47
75,663,59,46
72,659,59,46
69,649,62,45
67,645,61,43
64,643,61,43
63,643,61,43
63,643,61,42
66,643,60,43
69,642,58,43
71,642,58,43
72,642,58,43
75,641,59,43
75,641,59,43
75,638,59,43
74,634,59,43
72,630,58,42
70,627,58,42
67,623,59,41
66,612,59,41
62,608,59,40
58,608,59,39
60,609,59,38
63,610,59,37
74,613,59,36
77,613,59,36
81,612,59,35
82,610,59,35
80,611,59,35
78,612,59,35
76,613,58,35
75,614,58,34
75,615,58,34
76,615,58,34
78,616,57,34
79,616,57,34
80,617,57,34
79,621,57,34
77,623,57,34
73,626,57,34
63,629,58,33
56,625,59,34
52,622,59,34
46,620,61,33
46,621,61,33
47,623,61,32
48,624,61,32
50,626,59,32
50,626,59,32
47,623,59,32
47,621,58,32
45,619,58,32
42,617,57,32
40,617,57,32
37,616,58,32
33,616,58,32
32,616,58,32
32,617,57,32
32,617,57,31
31,616,57,31
30,615,57,31
28,612,58,31
29,608,57,30
30,607,57,30
31,606,57,29
33,605,57,29
36,603,57,29
38,602,57,29
40,599,57,29
42,596,57,29
44,595,56,29
44,592,56,29
44,590,56,29
44,589,56,29
44,590,56,29
44,590,56,29
42,588,56,29
40,587,56,29
35,588,57,29
32,589,57,29
29,588,57,29
27,585,57,29
27,581,57,27
28,578,57,27
30,576,57,27
34,575,56,27
36,575,56,27
37,573,56,25
36,566,56,25
34,563,56,25
29,558,56,25
26,554,56,25
23,550,56,25
24,543,56,25
25,539,56,25
28,535,56,25
31,530,56,25
31,526,56,25
32,516,56,25
27,497,56,25
25,491,56,25
25,486,55,25
27,481,55,25
31,475,55,25
35,474,55,25
42,471,54,25
45,467,54,25
48,464,54,25
51,460,54,25
54,457,53,25
56,453,53,25
56,450,53,24
55,448,53,23
55,450,53,23
57,451,53,22
60,451,52,22
62,450,52,21
64,449,52,21
65,448,52,21
64,447,52,21
63,444,52,21
62,443,52,21
62,440,52,23
64,437,52,23
65,435,52,22
68,435,52,22
71,435,52,22
74,434,52,22
76,431,52,22
76,428,52,22
76,425,52,20
76,422,51,20
74,419,51,20
73,418,51,20
73,420,51,20
74,424,51,20
76,426,51,20
80,429,51,20
83,432,51,20
85,434,51,20
86,436,51,20
86,439,51,20
86,443,51,20
84,447,51,20
84,456,50,20
82,461,50,20
83,469,50,20
81,475,50,20
81,479,50,20
81,483,50,20
80,485,50,20
78,487,50,19
74,486,50,18
71,483,50,18
67,481,50,18
63,481,50,18
57,483,50,18
53,484,50,18
49,486,50,18
48,490,49,18
50,494,49,18
54,498,49,18
62,502,49,18
66,504,49,18
70,505,49,18
71,504,49,18
69,502,49,18
65,499,49,18
60,498,49,18
55,499,50,18
50,502,49,18
48,503,49,18
47,504,49,18
48,504,49,18
50,502,49,18
51,499,49,18
51,497,49,18
49,494,49,18
46,489,49,18
42,485,49,18
35,476,49,18
34,472,50,18
34,467,50,18
37,463,50,17
39,457,51,17
42,453,51,17
45,449,51,17
48,447,51,17
51,443,51,17
51,439,51,17
49,433,51,17
44,422,51,17
39,412,51,17
31,400,51,17
27,392,51,17
24,385,50,17
22,383,50,17
21,379,50,17
23,375,49,17
26,369,49,17
30,364,48,18
34,359,47,19
39,351,47,19
43,344,48,18
45,340,48,18
46,334,49,18
47,324,51,17
45,317,52,17
47,311,52,18
48,307,52,18
52,303,52,18
56,301,52,18
61,294,52,18
64,289,52,18
68,283,52,18
70,279,52,18
71,274,52,19
74,267,52,19
76,262,52,20
78,255,52,20
81,249,52,20
84,246,52,20
88,243,52,20
92,242,52,20
99,242,52,20
104,243,52,20
108,242,52,20
112,242,52,20
120,244,52,20
129,246,49,20
132,250,49,20
137,256,50,20
140,260,51,20
144,265,50,20
148,269,49,21
152,270,48,21
153,272,47,21
153,274,46,21
152,276,46,21
153,281,45,21
153,286,45,21
154,294,45,21
156,298,45,21
161,305,44,22
165,309,43,22
168,313,43,22
172,317,42,22
174,321,41,22
175,326,40,23
175,330,40,24
174,336,39,24
173,340,39,24
173,344,39,24
173,350,39,23
172,354,39,24
173,358,38,24
172,363,37,24
171,367,37,23
166,367,37,23
164,367,37,23
160,367,37,23
158,369,37,23
156,372,37,23
155,374,38,23
157,375,37,23
156,373,37,23
154,368,37,24
152,364,37,25
150,360,37,25
146,356,37,25
144,350,37,25
141,339,36,25
141,335,36,25
140,326,36,25
141,325,36,25
145,320,36,25
146,317,36,25
148,314,36,25
148,312,36,25
149,310,36,25
149,300,38,28
150,292,38,28
151,283,38,28
152,277,38,28
152,272,38,28
153,268,37,29
156,261,36,29
157,260,37,28
160,258,36,29
162,253,36,29
162,253,36,29
161,248,36,29
161,244,36,29
161,243,36,28
163,240,36,29
164,237,36,29
165,236,36,29
166,234,36,29
168,231,36,29
170,223,36,29
171,220,36,29
174,211,36,29
178,202,36,29
185,197,36,29
189,194,36,29
193,191,36,30
197,186,36,30
200,181,36,30
206,176,35,30
211,161,35,30
216,156,33,30
221,150,33,30
225,146,33,30
229,141,33,30
234,131,33,30
243,125,29,30
247,123,29,30
251,119,29,30
256,114,29,30
262,113,29,30
266,113,29,34
270,113,29,34
273,111,29,34
279,107,29,34
283,105,29,34
286,106,29,34
290,108,29,34
299,111,28,34
306,113,28,34
313,120,28,31
321,122,28,31
329,122,25,31
337,120,21,31
341,121,21,31
345,119,21,31
348,120,21,31
350,119,21,31
354,121,21,31
357,124,21,31
361,128,21,31
363,132,21,31
366,136,21,31
369,140,21,31
371,142,21,31
371,145,21,31
373,149,21,30
375,153,21,30
381,157,15,29
384,159,15,29
388,163,15,29
392,167,15,29
397,167,15,29
401,168,15,29
404,168,15,29
405,167,15,29
406,170,15,29
408,172,15,29
411,176,15,29
412,180,15,29
413,182,15,29
415,187,15,31
415,189,15,31
415,190,15,31
414,193,15,31
413,192,15,31
413,189,15,31
413,188,15,31
412,187,15,31
412,187,15,31
412,187,15,31
413,188,15,31
417,186,15,31
419,184,17,31
423,178,17,31
425,180,17,29
429,179,17,29
430,176,17,29
432,175,17,29
434,175,17,29
433,174,17,29
433,174,17,29
431,174,17,29
428,174,17,29
427,173,17,29
427,172,17,29
429,172,17,29
432,175,17,29
434,176,17,29
435,174,17,29
437,173,17,29
437,170,17,29
439,169,17,29
438,167,17,29
442,162,17,29
443,162,17,29
445,160,17,29
448,156,19,29
449,154,19,29
451,147,19,29
453,141,19,29
452,139,21,29
453,136,21,29
453,133,21,29
453,126,21,29
454,119,21,29
456,116,21,29
460,111,21,29
464,111,21,29
475,101,21,29
479,96,21,29
486,90,21,29
494,86,21,29
501,83,21,29
503,83,21,29
508,78,21,29
511,76,23,29
515,76,23,29
521,73,23,29
528,68,23,29
533,65,23,29
542,63,23,29
546,64,23,29
550,61,23,29
555,63,25,29
561,61,25,29
568,56,25,29
575,51,25,29
581,50,25,29
585,54,25,29
587,60,25,29
590,67,25,29
594,74,25,27
598,78,25,27
602,83,28,27
606,87,28,27
616,91,28,27
622,93,28,27
630,98,29,26
634,102,29,26
641,107,29,26
647,120,31,26
651,129,31,26
657,138,31,26
658,144,31,26
659,153,31,26
658,161,31,24
658,169,31,24
657,174,33,24
657,183,33,24
658,192,33,24
661,198,33,22
662,203,33,22
663,211,33,22
664,216,33,22
664,221,33,22
663,224,33,22
663,226,33,22
664,229,36,23
668,233,36,23
672,235,36,23
675,237,36,23
679,237,36,23
680,238,36,23
679,236,36,23
675,232,36,23
672,232,36,23
670,232,36,23
667,234,36,23
667,234,36,23
667,233,38,23
668,232,38,23
668,232,38,23
668,234,38,23
668,236,38,23
669,238,38,23
669,245,40,23
671,250,40,23
674,256,40,23
676,257,40,23
677,263,40,23
678,268,41,23
677,272,42,23
677,273,42,23
676,271,42,23
674,269,42,23
673,266,42,23
671,262,42,23
669,260,42,23
668,256,42,23
667,253,42,23
666,251,42,23
666,250,42,23
666,249,42,23
666,249,42,23
667,249,42,23
668,248,42,23
669,244,42,23
669,235,45,23
670,228,45,23
671,221,48,24
672,217,48,24
673,212,48,24
672,208,48,24
672,203,48,24
673,197,48,24
674,194,48,23
677,187,46,21
679,183,46,21
681,177,50,21
688,166,50,21
690,166,50,17
699,149,49,24
705,141,49,24
710,128,49,24
715,119,49,24
716,110,49,24
716,112,49,24
716,113,52,24
720,112,52,24
724,116,52,24
733,116,53,22
742,116,53,22
757,116,53,22
766,118,53,22
775,121,53,22
787,123,53,22
793,128,54,21
801,136,54,21
805,140,54,21
812,147,54,21
817,154,54,21
822,160,54,21
826,170,54,21
829,180,52,18
831,194,52,18
832,203,52,18
831,215,52,18
832,230,52,18
833,237,50,18
838,251,50,18
839,261,50,18
843,269,50,18
847,273,50,18
851,282,50,18
854,293,49,18
857,303,49,18
857,318,49,18
855,332,49,18
854,351,52,19
853,364,52,19
853,382,52,19
853,391,52,19
856,402,52,19
861,413,52,19
864,418,52,19
870,428,52,19
873,432,52,19
871,444,52,19
869,448,52,19
862,454,52,20
855,460,50,20
851,463,50,20
847,464,50,20
844,462,50,20
841,458,50,20
837,456,50,20
833,459,50,20
829,463,50,20
824,469,50,20
819,479,50,20
818,481,50,20
818,482,50,20
819,481,50,20
821,478,50,20
824,474,50,20
826,470,50,20
827,468,50,20
827,466,50,20
824,465,50,20
820,464,50,20
812,463,50,20
808,462,50,20
801,460,50,20
793,455,50,20
782,444,50,20
779,440,50,20
776,433,50,20
775,429,50,20
774,420,50,20
776,412,50,20
778,408,50,20
780,401,50,21
781,399,50,21
781,397,50,21
782,397,50,21
783,394,50,21
784,392,50,21
786,388,50,21
787,383,50,21
789,379,50,21
790,377,50,21
789,373,52,25
787,372,52,25
788,371,47,25
786,372,47,25
786,373,47,25
785,371,47,25
786,370,47,25
787,366,47,25
787,365,47,25
785,362,47,25
786,362,47,25
786,361,47,25
785,361,47,28
787,361,47,28
788,361,47,28
792,360,47,28
795,358,47,28
799,354,47,28
802,351,47,28
805,348,47,28
808,343,50,32
809,339,50,32
812,339,50,32
814,339,47,34
816,342,47,34
819,346,47,34
822,353,49,34
825,357,49,34
828,365,50,37
828,369,50,37
827,376,50,37
824,387,50,37
823,392,50,37
823,397,50,37
822,400,50,37
820,403,50,37
816,407,50,37
815,411,50,37
814,418,50,37
813,423,50,37
814,427,50,37
815,431,50,37
816,436,50,40
819,441,50,40
822,445,49,40
822,453,49,40
820,461,49,39
818,475,49,41
817,486,49,41
817,499,46,41
817,506,46,41
819,510,46,41
819,514,46,41
822,518,46,41
826,522,46,41
823,525,49,42
823,527,49,42
821,531,49,42
819,534,49,42
815,538,49,42
812,542,49,42
813,556,49,42
813,556,49,42
816,556,49,42
817,556,49,42
817,555,49,42
817,554,49,42
815,554,49,42
812,554,49,42
808,556,49,42
804,557,49,42
800,556,49,42
797,553,49,42
798,551,49,42
802,548,46,45
804,546,46,45
805,544,46,45
806,541,46,45
805,539,46,45
801,539,46,45
797,540,46,45
793,541,46,45
784,540,46,45
779,536,46,45
776,531,46,47
776,530,46,47
776,531,46,47
775,531,46,47
772,529,46,47
769,529,46,47
766,531,46,47
761,541,46,47
757,548,46,47
751,554,46,47
742,552,43,47
737,548,43,47
727,543,43,47
722,537,43,47
720,528,43,47
717,521,43,47
718,512,43,47
721,501,43,47
723,497,43,47
723,494,43,47
722,489,43,47
718,487,43,47
717,487,43,47
717,488,43,47
718,488,43,47
724,487,40,47
728,486,40,47
729,484,36,51
730,484,36,51
730,484,36,51
728,486,36,51
725,488,36,51
719,486,36,51
716,487,36,51
713,487,36,51
711,491,36,51
710,495,36,51
710,499,36,51
709,503,36,51
706,501,36,51
701,500,36,51
694,495,36,51
692,495,36,51
691,495,36,51
689,495,36,51
689,495,36,51
689,497,36,51
687,496,36,51
688,497,36,51
689,497,36,51
693,495,32,54
694,490,32,54
692,487,32,54
689,483,32,54
686,483,32,54
682,486,32,55
678,485,32,55
677,481,30,55
676,477,30,54
680,478,30,55
684,477,30,55
694,476,31,56
702,479,29,59
705,483,29,59
701,489,29,53
704,496,29,59
707,507,29,59
711,513,29,59
717,527,29,55
719,530,31,57
720,536,31,57
720,543,31,57
713,550,31,57
704,556,31,57
691,564,31,57
683,568,31,57
677,573,27,57
675,589,25,57
676,598,25,57
681,611,26,61
685,615,26,63
691,626,26,59
693,630,26,59
693,635,26,59
687,640,26,59
680,640,26,59
664,641,26,59
650,638,26,59
635,639,26,59
619,635,26,59
613,632,26,59
612,630,26,59
617,628,25,59
621,629,25,58
628,626,24,57
629,622,24,57
626,615,25,56
623,611,24,56
615,607,24,56
606,602,24,56
600,598,25,55
593,590,25,55
592,586,25,55
597,574,25,55
602,573,25,55
606,577,25,55
608,578,25,55
609,574,25,55
610,567,25,55
611,551,25,55
608,530,25,55
608,521,23,57
601,511,22,57
580,492,20,57
563,483,20,58
561,483,20,58
557,479,20,58
571,472,20,57
574,468,19,57
574,462,20,58
574,459,20,57
574,455,20,57
574,454,20,57
577,450,18,58
578,442,17,58
577,435,17,58
571,431,17,58
565,432,17,58
559,435,17,58
553,432,18,58
552,434,18,58
554,438,18,58
558,444,18,58
565,453,18,57
569,457,18,57
572,459,18,57
572,461,20,57
575,462,21,56
578,460,21,56
584,461,21,56
589,465,21,56
594,469,21,56
597,473,21,56
597,482,22,56
596,489,22,56
591,506,22,56
587,518,22,56
580,537,22,56
577,546,23,57
575,562,23,51
574,573,23,50
576,577,23,52
582,585,23,52
586,593,23,52
588,600,23,52
584,605,23,53
580,608,23,53
571,614,22,54
567,618,22,54
559,628,22,54
554,638,22,54
554,642,22,54
561,647,22,53
564,646,22,53
565,644,22,53
562,640,22,53
558,638,22,53
550,638,22,54
546,639,22,55
538,641,22,57
535,643,22,56
532,643,22,56
528,639,22,52
525,628,22,56
522,623,22,57
519,623,22,57
512,620,22,57
510,616,22,57
503,608,23,57
500,601,24,57
498,598,24,57
496,591,24,57
495,587,24,57
497,583,24,57
495,579,24,57
495,575,24,57
497,571,24,57
495,567,24,55
493,563,24,55
492,559,26,55
485,561,26,55
483,559,26,55
480,555,26,55
477,547,26,55
473,542,26,55
470,539,26,55
467,538,26,52
463,534,26,52
459,530,26,52
457,528,26,52
454,524,26,52
452,522,27,52
450,520,27,52
448,516,28,52
448,509,28,52
447,503,28,52
447,501,28,52
447,497,28,52
447,495,28,50
447,495,28,50
447,495,28,50
446,495,28,49
445,493,28,49
444,493,28,49
443,491,28,49
442,490,29,49
440,486,29,49
438,486,29,48
436,488,30,47
436,488,30,46
436,486,30,45
436,484,30,45
436,481,30,45
438,479,30,45
438,476,30,45
437,475,31,45
434,474,32,45
432,475,32,45
431,477,32,45
432,479,31,45
434,481,32,45
437,482,32,45
440,481,32,45
444,481,32,45
448,480,32,45
450,479,32,45
449,479,34,45
449,477,33,46
449,476,33,46
444,475,34,47
440,475,38,48
437,476,38,48
435,478,37,49
435,481,37,49
436,485,37,52
439,489,37,52
439,490,37,50
438,493,37,49
436,494,37,49
434,494,37,49
430,494,39,47
430,494,39,47
431,495,39,47
432,497,39,47
432,498,39,47
432,498,37,47
429,501,38,48
426,505,39,48
423,513,38,48
422,517,38,48
421,519,38,48
419,521,38,48
417,523,38,48
414,525,39,48
411,528,39,46
410,530,39,44
410,533,39,44
412,536,39,44
412,538,39,44
412,539,39,44
410,540,39,44
406,541,39,44
399,543,39,44
395,542,39,44
387,544,39,43
381,541,39,44
378,538,39,44
373,535,39,44
370,532,39,44
367,528,42,45
365,528,42,45
366,528,41,45
367,528,41,45
369,528,41,45
370,531,41,44
372,532,41,45
372,532,41,45
373,533,41,45
373,536,41,45
373,538,41,45
372,540,41,45
372,540,41,45
374,537,41,45
374,535,41,45
374,533,41,44
374,529,41,43
374,525,41,43
371,523,41,41
369,516,41,41
367,515,41,41
366,513,41,41
366,513,41,41
366,513,41,41
363,517,42,42
361,517,42,41
356,516,42,41
352,513,42,41
344,512,42,41
339,512,43,40
335,511,43,40
331,513,43,39
330,513,44,40
331,517,44,40
331,518,44,40
332,515,44,40
331,516,44,39
326,516,44,39
324,515,44,39
318,514,44,38
315,512,44,38
310,508,44,39
309,506,44,39
308,503,44,39
309,498,44,39
309,494,44,39
309,487,44,39
310,484,44,39
313,480,44,39
314,476,44,39
315,470,44,39
315,466,44,39
314,466,44,39
312,465,45,39
310,461,45,39
307,460,45,39
305,459,45,39
304,456,45,39
302,454,45,38
302,450,45,38
302,443,45,38
301,443,45,38
299,444,46,38
300,440,47,38
304,436,47,38
306,435,47,37
308,433,47,37
307,430,47,36
303,428,47,35
296,428,47,35
291,430,48,35
290,432,48,35
286,432,48,35
286,434,48,35
286,439,48,35
287,445,48,33
289,447,48,34
289,448,50,34
293,445,50,34
294,443,50,34
295,439,50,34
292,437,50,34
290,438,50,34
286,440,50,34
283,441,50,33
280,441,50,33
279,444,50,32
281,444,50,32
286,447,50,32
290,450,50,32
293,456,51,32
295,458,51,32
296,460,51,32
296,461,51,32
292,463,52,31
290,464,51,31
286,464,50,31
284,465,50,30
280,466,51,30
277,468,51,30
275,469,51,30
274,472,51,28
274,473,51,28
275,474,51,28
276,476,51,28
278,479,51,28
278,479,51,28
276,479,51,28
276,477,51,28
275,475,51,28
272,474,51,28
273,474,51,28
273,476,51,28
272,481,51,28
271,484,51,28
270,485,51,28
269,487,51,28
269,489,52,28
269,491,52,28
268,494,52,28
267,498,52,28
266,500,52,28
266,501,52,27
266,500,52,27
264,500,52,27
263,500,52,27
260,500,52,27
258,498,52,27
255,498,52,27
254,497,52,27
253,495,52,26
252,494,52,26
249,493,53,26
249,493,53,26
248,492,53,26
248,492,52,26
247,489,52,26
242,478,52,26
239,474,52,26
238,471,52,26
236,467,52,26
236,465,52,26
236,464,52,26
236,463,52,26
236,463,52,26
233,465,52,26
231,463,52,26
229,459,52,26
226,457,52,26
223,455,52,26
222,454,52,26
222,453,52,26
221,450,52,26
220,446,52,26
219,438,52,26
218,434,52,26
220,429,52,26
223,426,52,26
226,427,52,26
233,427,52,26
237,426,52,26
241,424,53,26
245,419,53,24
245,416,53,24
243,413,53,24
239,407,53,24
237,401,53,24
233,390,53,24
232,384,53,24
231,376,53,24
229,372,53,24
226,367,53,23
223,363,53,23
222,361,53,23
223,360,53,23
224,360,53,23
226,363,53,23
229,365,53,23
235,363,53,22
240,359,53,22
245,354,53,22
253,344,53,21
257,343,53,20
262,342,53,19
265,340,53,19
267,338,53,19
268,335,53,19
268,333,53,19
267,334,53,19
265,337,53,19
262,342,53,19
259,347,53,19
256,353,53,19
255,357,53,19
255,361,53,19
258,365,53,19
263,373,53,18
265,377,53,18
266,377,53,18
266,377,53,18
265,378,53,18
263,378,53,18
261,376,53,18
260,374,53,18
260,374,53,18
260,377,53,18
259,381,53,18
258,385,53,18
259,387,53,18
261,385,53,18
262,383,53,18
262,381,53,18
260,383,53,18
259,384,53,18
257,387,53,18
255,392,53,17
255,394,53,17
256,396,53,17
260,400,53,17
262,403,53,16
266,398,53,16
269,399,52,16
270,403,52,16
269,405,52,17
265,404,52,17
263,403,52,17
261,403,52,17
257,407,52,17
251,417,52,15
248,424,52,16
245,429,52,16
244,435,52,16
243,439,52,15
242,442,52,15
242,442,52,14
244,440,52,14
245,439,52,14
247,440,52,14
247,440,52,14
247,437,52,14
245,437,52,14
243,434,52,14
239,430,52,14
236,428,52,14
230,426,52,15
227,423,52,15
223,418,52,15
222,415,52,14
224,412,52,14
227,411,52,14
231,412,52,14
233,412,52,14
233,404,52,14
231,397,52,14
227,389,52,14
221,375,52,14
219,367,52,14
215,360,52,15
215,359,52,15
215,354,52,15
217,350,52,15
219,349,52,15
222,348,52,15
224,346,52,15
226,343,52,15
226,343,52,15
223,342,52,15
221,341,52,15
220,335,52,15
222,310,52,16
225,303,50,16
227,299,50,16
231,298,50,16
233,297,50,16
235,298,50,16
235,302,50,17
235,306,50,17
232,313,50,17
231,317,50,17
230,326,50,17
231,330,50,17
234,334,50,17
239,334,49,17
247,332,49,17
251,330,49,17
255,328,49,17
259,322,49,17
263,316,47,16
264,307,47,16
266,300,47,16
268,287,47,16
268,284,47,16
268,280,47,16
269,277,47,16
269,275,47,16
269,274,47,16
269,274,47,16
269,274,47,16
268,268,47,16
268,261,46,16
267,257,46,16
266,254,46,16
267,253,45,16
268,252,45,16
272,249,44,16
276,248,44,16
280,248,44,16
285,243,45,17
290,242,45,16
294,240,44,16
298,237,44,17
300,235,44,17
303,233,44,18
304,231,44,18
306,227,44,18
307,223,44,18
307,219,44,18
307,216,44,19
307,217,44,19
307,220,44,20
306,227,44,20
307,231,44,20
311,239,44,20
313,241,44,21
318,245,43,21
321,246,43,21
325,247,43,21
326,249,42,21
330,249,41,22
331,249,41,22
332,250,41,22
331,253,41,22
328,257,41,22
327,259,40,22
326,262,40,22
327,266,40,22
331,272,39,22
336,275,39,23
339,277,39,23
341,277,39,23
341,278,39,23
340,280,39,23
340,281,39,23
341,283,39,23
344,285,38,23
347,287,38,23
350,290,37,23
351,293,37,24
351,295,37,24
351,295,37,24
351,296,36,24
350,300,36,24
351,303,35,24
351,307,35,24
351,305,35,24
350,301,35,24
347,296,35,24
345,292,35,24
341,289,35,24
337,289,35,24
331,287,35,25
327,284,35,26
323,280,35,26
320,274,34,26
320,271,34,26
321,269,34,26
326,264,33,27
330,263,33,27
335,263,33,27
339,265,33,26
345,263,33,26
348,260,32,26
350,255,33,27
350,251,33,27
350,247,31,27
348,240,30,28
346,236,31,28
344,231,32,28
344,226,32,28
344,222,32,28
344,220,32,28
346,218,32,28
350,215,31,28
352,213,31,28
355,210,31,28
360,200,30,29
363,194,30,29
365,190,30,29
368,182,30,29
370,178,30,30
373,175,29,30
374,171,29,30
377,167,28,30
378,163,28,30
380,155,28,30
383,151,28,30
386,145,28,30
390,138,27,30
394,134,27,30
398,130,27,30
400,127,27,30
402,124,27,31
405,122,26,31
407,122,26,31
410,121,25,31
412,120,25,32
414,121,25,32
416,124,25,32
418,130,24,32
423,139,24,32
428,143,24,32
437,149,22,32
446,148,22,32
452,144,21,32
460,143,21,32
466,143,21,32
470,143,21,32
475,140,21,32
477,138,21,32
480,137,19,32
482,140,19,32
483,141,19,32
484,143,19,32
487,146,19,33
489,150,19,33
493,159,19,33
497,163,19,33
504,168,19,33
510,171,18,33
517,174,17,32
527,180,17,32
533,185,17,32
540,195,17,32
545,203,17,32
548,203,16,33
551,202,16,33
552,202,16,33
556,204,15,34
559,205,14,34
563,208,14,34
565,211,14,34
567,214,13,34
566,216,13,34
563,218,13,34
560,219,13,34
556,221,12,34
553,220,12,34
551,219,12,34
550,219,12,34
550,220,12,34
551,223,12,34
553,226,12,34
555,229,12,34
558,229,12,34
560,229,12,34
562,229,13,34
564,228,13,34
567,225,13,34
570,222,13,34
577,216,13,34
578,214,13,35
579,215,13,35
578,214,14,34
578,211,14,34
577,211,14,34
576,210,14,35
575,211,15,35
575,213,15,35
578,216,15,35
581,212,15,35
586,208,15,34
591,204,15,33
597,198,17,34
601,195,17,33
604,191,17,33
603,191,18,33
601,195,18,33
596,204,18,33
594,210,18,33
594,214,18,33
596,217,18,33
600,219,20,33
609,218,19,31
613,217,20,32
621,214,19,32
624,212,19,32
626,210,19,32
626,208,20,32
625,203,21,33
623,199,22,33
623,197,22,32
622,200,22,32
622,205,22,31
623,208,23,31
625,207,24,31
629,205,24,31
634,205,24,31
637,205,24,31
641,207,24,31
643,208,24,31
645,208,24,31
646,209,25,31
647,212,26,30
649,212,26,30
654,213,27,30
661,213,27,30
665,214,27,30
672,213,27,30
674,212,29,29
678,211,29,29
681,209,30,29
683,207,30,29
685,206,30,29
686,208,30,29
687,214,30,29
688,219,31,28
689,225,31,28
692,235,31,29
694,243,31,29
697,256,32,29
698,265,33,29
704,274,33,29
708,277,34,29
714,279,34,28
717,282,34,28
718,290,34,28
717,296,35,27
714,305,36,27
713,312,36,27
709,316,37,26
705,313,37,26
705,313,37,26
707,313,37,26
713,314,37,26
717,318,38,26
720,320,37,27
719,322,38,27
715,324,38,27
708,319,38,27
702,319,38,26
695,323,38,26
687,330,39,26
685,334,39,26
689,337,39,26
694,338,40,26
706,338,41,26
712,335,41,25
720,329,40,24
721,328,40,23
721,325,40,23
717,322,41,23
712,322,42,23
708,322,42,23
701,322,42,24
697,322,42,24
694,323,42,23
693,324,42,23
693,324,43,23
694,323,43,23
695,321,43,23
697,317,43,23
697,312,45,23
698,308,45,23
698,304,45,23
698,301,45,23
700,298,45,22
702,295,45,22
706,286,47,22
708,281,47,22
711,277,47,21
713,272,48,21
716,268,48,21
718,266,48,21
719,265,48,21
720,265,48,20
722,267,50,20
725,269,50,20
729,277,50,20
733,284,50,19
738,294,51,19
741,300,52,19
746,311,51,19
749,314,51,19
753,314,52,19
756,313,53,19
759,313,53,19
760,314,53,19
760,317,53,18
759,319,53,18
758,320,53,18
757,323,53,18
757,327,53,18
757,334,53,18
758,342,53,18
759,348,54,18
761,357,54,18
762,364,54,18
764,373,55,18
765,378,54,18
765,384,54,18
765,388,55,17
767,393,55,16
769,395,55,16
772,399,55,16
774,401,55,16
775,403,55,16
776,407,55,16
777,410,55,16
778,417,55,16
779,423,55,16
778,428,55,16
776,434,55,16
772,443,55,16
770,448,55,16
767,455,56,16
766,459,56,16
765,462,56,16
763,466,56,16
761,467,56,16
759,469,56,16
755,471,56,16
751,472,56,16
747,475,56,16
744,477,56,16
740,479,56,16
737,480,56,16
734,481,56,16
731,482,57,16
727,483,57,16
725,483,57,16
721,481,57,16
720,478,57,16
720,475,57,16
721,471,57,16
722,469,57,16
722,471,57,16
722,473,57,17
720,475,57,17
718,474,57,17
716,471,57,18
714,467,57,18
713,464,57,17
712,460,57,17
711,457,57,17
711,454,57,18
710,454,57,18
710,455,57,18
711,455,57,18
711,452,57,18
711,448,57,18
711,443,58,19
711,441,58,20
708,441,58,21
707,439,58,21
704,433,58,21
703,429,58,21
702,426,58,21
702,425,58,21
703,424,58,21
704,424,58,21
704,426,58,21
704,428,58,21
703,429,58,21
703,430,58,22
703,434,58,22
703,437,58,22
703,441,58,22
701,445,58,22
700,448,58,22
699,451,57,23
699,452,56,23
699,453,56,23
700,455,56,23
701,456,56,23
704,456,56,23
706,456,56,23
707,457,56,24
707,459,56,24
706,461,56,24
705,464,56,24
704,466,56,24
702,469,56,24
701,472,56,25
700,475,56,25
699,479,56,25
698,481,56,25
698,482,56,26
697,484,56,26
697,485,56,26
696,487,56,26
695,489,56,26
692,490,56,26
688,492,56,27
686,494,56,27
684,496,56,28
683,496,56,29
682,497,56,29
681,498,56,29
681,498,56,29
681,499,56,29
681,497,56,29
681,495,56,29
680,491,55,29
679,487,55,29
677,481,55,29
675,478,55,30
671,476,55,30
669,477,55,30
667,484,55,30
670,488,54,30
674,490,54,30
680,488,53,30
684,487,53,30
688,485,53,30
688,483,54,30
687,480,53,30
683,478,53,30
679,477,53,30
675,476,53,30
671,474,53,30
668,472,53,30
664,472,52,31
663,473,51,31
661,476,51,32
659,478,52,32
658,480,51,32
656,484,51,32
653,490,51,32
650,495,51,32
649,497,51,32
650,496,51,33
653,496,51,33
657,495,51,34
662,491,51,35
668,489,51,35
673,486,51,35
674,483,51,35
673,482,51,35
670,482,51,35
666,484,51,36
659,488,51,36
653,492,51,36
644,499,51,36
640,500,51,36
631,501,51,36
627,503,51,36
621,509,51,36
620,514,51,36
621,517,51,36
622,519,51,36
622,519,51,37
622,520,51,37
622,520,51,37
621,520,51,37
620,518,51,38
620,516,51,38
620,515,50,38
620,512,50,38
620,510,50,38
618,508,50,38
614,507,49,38
608,508,49,38
602,510,49,38
597,513,50,38
591,517,50,38
587,518,50,39
584,520,49,39
582,520,49,39
581,519,49,39
581,520,49,39
580,522,49,39
580,522,48,39
581,520,48,39
583,518,48,39
588,516,47,39
591,513,47,39
595,502,47,39
595,494,47,40
591,484,46,40
586,481,45,40
579,479,45,40
575,478,44,40
574,477,44,40
578,477,44,41
587,476,44,41
592,475,44,41
597,473,44,41
598,472,44,41
596,471,44,40
593,471,43,40
585,481,43,40
583,483,41,40
580,485,41,40
577,488,41,41
576,491,41,41
577,492,41,41
581,493,41,41
584,494,40,41
589,495,40,41
592,494,41,41
594,493,41,41
595,493,41,41
593,494,41,41
586,496,41,41
581,496,40,41
572,499,40,41
564,501,40,42
561,502,39,42
560,504,39,42
562,506,39,42
564,506,39,42
569,508,38,42
571,508,38,42
573,507,38,42
574,505,38,42
575,502,38,43
574,501,38,43
572,500,38,43
568,501,38,44
565,504,37,43
561,510,37,43
559,516,37,43
558,525,36,44
557,530,36,44
554,533,36,44
551,533,36,44
545,533,36,44
541,534,36,44
536,534,36,44
530,533,36,44
526,533,36,44
525,532,35,44
523,529,35,44
522,526,35,44
520,522,35,44
518,520,35,44
516,518,35,44
513,517,35,44
514,514,33,44
515,512,33,44
517,509,33,44
519,508,32,44
521,506,32,44
522,503,32,44
521,499,31,44
519,497,31,44
515,496,31,44
513,495,31,45
512,497,30,45
510,499,30,45
509,499,30,45
508,496,30,45
508,492,30,45
508,489,30,45
509,485,30,45
511,483,30,46
512,481,30,46
512,479,30,46
512,476,30,46
511,474,30,46
512,471,29,47
511,468,29,47
510,465,29,47
508,463,29,47
507,463,29,47
506,466,29,47
505,468,29,47
504,470,29,47
502,472,29,47
501,473,29,47
499,474,29,47
498,476,29,47
497,476,29,47
497,478,29,47
498,480,29,47
499,480,28,48
499,481,28,48
497,482,28,48
496,482,26,47
494,482,26,47
493,482,26,47
493,482,26,47
495,481,26,48
498,483,26,48
500,485,26,48
501,488,26,48
500,488,26,49
496,490,26,49
492,491,26,49
486,493,26,49
482,495,25,49
479,497,25,49
477,498,25,50
477,499,24,50
476,499,24,50
476,498,24,50
476,498,24,50
474,500,24,50
473,501,24,50
473,502,24,51
474,505,23,51
474,505,23,51
474,505,23,51
474,503,23,51
473,502,23,51
472,498,23,51
471,494,23,51
471,485,23,51
471,481,23,51
472,478,22,51
472,479,22,51
472,481,22,51
472,484,22,51
471,487,22,51
470,491,21,51
468,493,21,51
466,496,21,51
462,496,21,51
459,495,21,51
455,495,21,51
452,494,21,51
451,492,21,51
451,491,21,51
452,490,20,51
453,489,20,51
455,488,19,51
455,487,19,52
446,488,19,52
441,489,19,52
437,489,19,52
432,488,19,52
428,485,19,52
427,484,19,52
427,483,19,52
432,484,19,52
436,483,19,52
441,479,19,52
444,476,18,52
443,472,17,51
440,471,17,50
436,466,17,50
428,463,17,50
422,461,17,49
419,460,17,49
418,461,17,49
418,465,17,49
419,468,17,49
421,469,16,49
422,469,16,49
422,468,16,49
421,466,17,49
418,463,17,49
415,461,17,49
411,459,17,49
409,458,17,48
410,457,17,48
411,454,17,48
412,453,17,48
414,453,17,47
415,452,16,47
416,453,16,47
417,455,16,47
420,456,16,47
423,456,16,47
427,458,16,47
434,464,16,47
438,467,16,47
445,469,17,47
449,467,17,47
452,464,17,47
454,458,18,47
455,455,18,47
455,451,18,47
455,450,18,47
455,451,19,47
457,454,19,47
458,452,19,47
457,449,19,46
456,448,19,46
454,447,19,46
454,447,19,46
454,447,19,46
454,448,19,46
454,449,19,46
450,447,19,46
447,444,19,46
443,442,19,46
443,440,19,46
447,436,19,46
451,434,19,46
459,433,20,46
464,432,19,46
469,428,19,46
471,421,20,46
470,416,19,46
466,405,19,46
462,403,20,46
459,403,20,46
456,403,20,45
454,404,20,45
453,408,20,45
453,413,20,45
453,415,20,45
453,416,21,46
455,417,21,46
455,416,22,45
457,416,22,45
457,417,23,46
456,421,24,46
454,426,25,45
454,428,25,44
454,426,25,44
453,419,25,43
451,412,24,43
448,408,24,43
444,407,24,43
441,408,24,43
432,411,24,43
426,413,24,43
422,414,24,43
420,416,24,43
419,418,24,43
420,420,24,43
422,421,24,43
427,421,24,43
431,420,24,43
437,418,24,43
440,416,24,43
443,416,24,43
443,417,24,43
440,413,24,43
438,406,24,43
433,400,24,43
430,397,24,43
426,393,24,43
424,391,24,43
422,392,24,43
422,395,24,43
422,397,24,43
422,396,25,43
422,394,25,43
420,394,25,43
418,395,25,43
415,397,26,44
414,399,26,44
411,401,27,43
410,402,27,43
410,402,27,43
409,401,27,42
408,398,27,42
407,398,27,42
406,397,27,42
403,396,27,42
401,396,27,41
399,394,27,41
398,393,27,41
397,392,28,41
398,385,28,41
399,383,28,41
401,383,28,41
403,382,28,41
405,380,28,41
405,379,29,41
404,381,29,41
403,384,29,41
400,388,30,41
397,391,30,41
392,392,31,41
387,395,31,40
384,398,31,40
379,398,32,40
377,397,32,40
375,398,32,40
375,401,33,40
376,405,33,41
377,410,33,41
378,415,33,41
378,416,33,41
377,414,33,41
376,407,33,41
372,398,33,40
369,392,33,40
363,382,34,40
357,373,34,39
351,361,34,40
347,357,35,41
341,355,35,40
338,353,35,40
336,352,35,40
337,350,35,40
341,350,35,40
344,351,36,40
350,350,37,39
353,346,37,39
355,343,37,39
355,341,37,39
354,334,37,39
352,329,37,39
349,323,37,39
344,317,37,39
340,318,37,39
333,317,38,39
328,314,38,39
321,311,38,39
317,309,38,39
313,309,38,38
311,313,38,38
311,314,38,38
312,314,38,38
314,313,39,37
317,308,40,37
320,304,40,37
323,301,40,37
325,300,40,37
325,298,40,37
323,298,40,37
319,300,40,37
316,302,41,36
311,304,42,36
307,308,42,36
305,310,42,36
303,314,42,36
301,321,43,36
301,326,43,36
301,332,43,36
301,335,43,36
301,337,43,36
300,341,43,35
299,343,43,35
297,346,43,35
295,347,43,35
292,347,43,35
290,345,43,35
288,344,44,35
288,344,44,35
288,344,44,35
291,343,44,34
292,342,44,34
292,342,44,34
291,342,45,34
290,343,45,34
287,340,45,32
284,339,45,32
280,338,45,32
275,338,46,32
271,339,46,32
266,341,46,32
262,345,46,32
257,350,47,32
256,353,47,32
256,354,47,32
256,354,47,32
255,356,47,32
254,355,47,32
254,353,47,31
254,351,47,31
254,349,47,31
255,347,47,31
255,346,47,31
253,348,47,31
250,349,47,31
247,347,47,31
245,345,47,31
243,343,47,31
243,342,47,31
243,340,47,31
243,337,47,31
243,335,47,31
241,337,48,31
240,336,48,30
235,332,49,30
231,331,49,30
224,331,49,30
215,327,49,30
206,317,51,29
204,318,51,29
204,322,50,29
205,326,50,29
205,327,50,29
205,327,50,28
204,327,51,28
203,328,51,27
203,328,51,27
204,330,51,26
206,330,51,26
210,328,51,26
213,327,51,26
216,326,51,26
221,325,51,27
224,326,51,27
225,327,51,27
224,326,51,27
218,324,51,27
214,325,50,27
206,328,51,27
202,330,51,27
198,333,51,27
192,338,51,27
188,342,51,27
184,345,51,27
182,345,51,27
182,344,51,27
182,342,51,27
183,338,51,27
185,336,51,27
186,335,51,27
188,334,51,27
189,332,51,27
190,329,51,27
190,327,51,27
188,324,52,26
187,320,52,26
184,314,52,26
182,311,52,26
179,307,52,26
177,304,52,25
177,301,51,25
177,297,51,25
178,295,51,25
179,290,51,25
178,288,51,24
176,282,52,25
174,278,52,25
170,272,52,25
169,268,52,25
166,261,52,24
167,261,52,23
170,263,52,23
171,263,52,23
173,263,52,23
175,259,52,23
176,254,52,23
178,252,52,23
181,252,52,23
184,251,53,23
186,249,53,23
189,244,53,23
190,240,53,23
192,230,53,23
194,223,52,23
195,217,52,23
195,214,52,23
196,210,52,23
197,207,53,23
198,204,53,23
200,200,53,23
206,195,53,23
210,193,54,23
219,191,53,23
225,189,53,23
231,187,53,23
237,185,53,23
239,183,53,23
240,178,53,22
241,175,53,22
242,173,53,22
242,173,53,22
244,173,52,22
245,174,52,22
247,175,52,22
248,175,53,22
250,172,53,22
251,168,53,22
251,163,53,21
250,159,53,21
249,158,53,21
248,161,53,21
249,164,53,21
251,167,53,21
258,170,53,20
263,171,53,20
284,174,53,20
291,176,53,20
295,179,53,20
297,182,53,20
299,186,53,20
299,188,53,20
299,192,53,19
298,194,53,19
298,196,53,19
284,174,53,19
301,201,53,19
303,204,53,19
306,207,53,19
309,210,53,19
312,215,53,19
313,220,53,19
312,227,53,18
311,229,53,18
309,233,52,18
307,236,52,18
305,240,52,18
304,243,52,18
303,245,52,18
300,245,52,18
298,246,52,18
294,249,52,18
293,251,52,18
294,253,52,18
297,257,52,18
299,262,52,18
302,266,52,18
308,269,53,18
315,270,52,18
324,271,52,18
329,269,52,18
333,266,52,18
335,259,52,17
333,253,52,17
327,247,52,17
322,241,51,17
312,230,51,17
301,228,51,17
295,229,51,17
290,232,51,17
286,239,51,17
286,246,51,17
288,251,51,17
292,255,51,17
295,254,51,17
300,244,51,17
299,239,51,17
297,233,51,17
295,230,51,17
293,222,51,17
292,215,51,17
291,205,51,17
292,203,51,17
295,201,51,17
298,200,51,17
302,194,51,17
305,190,51,17
307,189,51,17
310,185,51,17
311,176,51,17
310,166,51,17
309,163,51,17
307,159,51,17
307,156,51,17
308,154,51,17
310,154,51,17
313,155,51,17
316,156,51,17
319,154,51,17
321,151,51,17
323,146,51,17
326,137,50,18
327,132,50,18
329,122,50,19
330,116,50,19
333,111,50,19
335,107,50,19
336,106,50,19
338,107,50,19
341,109,50,19
345,113,50,19
348,117,50,19
358,118,49,20
363,118,48,20
373,121,47,20
379,122,47,20
388,121,47,20
393,121,47,21
398,120,46,22
403,117,46,21
405,117,46,21
406,117,46,21
407,118,46,21
408,119,46,21
409,122,46,21
410,125,46,21
414,130,45,22
418,133,45,22
424,137,45,23
428,140,44,23
434,147,44,22
437,153,44,22
441,165,44,22
443,175,44,22
443,179,44,23
444,178,44,23
444,174,44,24
445,175,43,23
446,176,43,23
446,175,43,24
445,174,43,24
443,171,43,24
441,169,43,24
437,167,43,24
434,163,43,24
433,160,43,25
433,161,43,25
434,163,43,25
437,165,43,25
439,165,43,25
442,165,43,25
446,166,43,25
449,165,43,26
452,161,42,26
458,150,41,26
460,145,42,27
466,138,42,27
468,135,42,27
469,131,42,27
467,125,41,27
465,114,41,27
463,108,41,27
463,104,41,27
463,103,41,27
464,103,41,27
465,104,41,28
467,106,41,28
471,111,39,28
475,114,38,28
479,116,38,28
486,114,38,28
492,110,38,28
501,107,38,28
505,107,37,29
509,107,37,29
514,105,36,30
519,94,35,30
522,81,34,31
525,70,34,31
529,61,34,31
533,66,34,31
536,73,33,32
539,87,33,32
541,95,33,32
543,127,32,32
546,137,32,32
549,145,32,32
557,153,31,33
563,156,31,33
572,159,30,33
578,160,30,33
584,160,30,33
586,162,30,34
588,165,30,34
590,170,30,34
590,171,30,34
587,172,29,35
584,175,29,35
580,180,29,35
577,184,29,35
573,190,28,35
571,197,28,35
571,203,28,35
573,203,28,35
578,206,28,35
583,206,28,35
588,204,28,35
596,203,27,35
600,202,27,35
605,200,26,35
606,198,25,35
607,193,25,36
606,184,25,36
604,180,25,36
600,175,24,37
596,171,24,37
590,164,24,37
588,161,23,37
586,161,23,37
586,161,23,37
587,157,23,37
591,150,23,37
594,150,23,37
597,151,23,37
604,148,23,37
610,140,22,37
619,129,22,38
628,124,21,38
633,124,20,38
639,128,20,38
643,133,20,38
645,138,20,38
646,140,20,38
646,142,20,38
646,144,20,38
645,146,19,38
645,149,19,38
649,151,18,38
654,155,17,39
657,158,17,39
662,160,15,39
666,161,16,39
668,159,16,39
669,157,16,39
670,157,15,39
670,156,15,39
669,155,15,39
668,158,15,39
667,160,15,39
666,164,14,39
665,168,13,39
665,171,14,39
667,176,14,39
670,177,14,39
676,176,15,39
681,175,16,39
689,176,16,39
694,177,17,39
699,176,17,39
703,178,17,39
704,182,17,39
705,187,17,38
707,189,17,38
708,189,19,38
710,188,19,38
715,187,19,38
719,189,19,38
721,190,20,37
723,190,20,38
724,191,21,38
724,190,21,39
724,191,21,38
724,192,22,38
725,193,23,37
727,195,23,37
730,201,24,37
734,206,24,37
737,210,24,37
741,215,25,37
743,219,25,37
744,222,26,37
746,226,26,37
747,229,27,37
748,235,28,37
748,245,28,37
748,249,28,37
749,253,28,36
750,255,28,36
751,259,28,36
751,261,30,37
752,265,30,37
753,268,30,37
752,273,31,36
751,278,32,36
750,281,32,36
749,285,32,36
747,293,32,36
746,299,32,36
744,308,33,36
744,314,33,36
743,319,34,36
744,324,34,36
744,328,35,36
744,335,35,36
745,335,35,36
747,331,35,36
748,328,36,36
749,326,36,36
749,325,36,36
748,327,36,36
745,330,37,35
743,330,38,35
740,330,38,35
736,328,38,35
734,326,38,35
732,325,39,35
732,324,40,34
733,321,41,34
735,319,41,34
738,315,41,34
739,311,42,34
739,307,42,34
738,300,43,34
736,295,43,33
734,294,43,34
731,289,44,33
728,282,45,33
726,279,45,33
724,275,45,32
724,263,45,31
725,258,46,31
726,251,48,30
728,247,48,30
732,240,48,30
738,234,49,29
745,228,49,27
751,221,49,27
753,218,52,27
758,214,52,26
762,208,53,27
766,203,53,27
768,199,53,27
771,195,53,27
773,193,54,27
777,189,54,27
779,188,54,27
783,186,55,25
787,183,56,25
790,184,56,25
792,186,57,25
795,191,57,24
797,194,58,24
800,197,58,23
805,202,59,23
810,207,59,22
818,213,59,22
823,217,60,22
829,222,60,22
837,231,61,21
841,236,61,21
848,247,61,20
851,254,62,20
855,259,62,21
860,269,62,20
863,277,62,20
868,290,62,19
870,298,63,19
872,312,63,19
874,324,63,18
876,340,63,18
878,352,63,18
880,369,63,18
882,380,63,18
886,395,63,18
888,406,64,19
892,422,65,19
894,433,65,19
895,449,65,20
895,460,65,20
895,472,65,20
896,480,65,20
896,493,66,21
896,506,68,21
896,514,68,21
895,520,68,22
894,528,68,22
894,532,68,23
893,541,68,23
892,548,69,23
890,556,69,23
886,567,69,24
881,575,70,25
875,587,70,25
871,593,70,25
865,601,70,24
862,605,70,24
857,611,70,24
853,613,70,24
846,611,70,24
841,612,70,24
835,613,70,24
833,614,70,24
829,612,71,24
828,611,71,24
828,609,71,24
827,606,71,24
825,604,71,24
821,605,71,24
816,604,71,24
810,604,71,24
806,602,71,24
798,600,71,24
793,598,71,24
785,594,71,24
782,594,71,24
780,593,71,24
779,590,71,24
780,588,71,24
782,582,71,24
785,577,71,24
789,570,71,24
792,566,71,24
793,565,71,24
792,564,71,24
789,562,71,24
785,560,71,24
781,558,71,24
775,557,71,24
768,559,72,24
765,558,72,24
763,562,72,24
762,565,72,24
760,569,72,25
755,578,72,25
752,587,72,25
747,596,72,25
743,598,72,25
739,593,72,27
737,591,72,27
736,587,72,27
736,583,72,27
737,574,71,27
736,570,70,28
734,568,70,28
727,565,70,28
723,565,70,28
716,564,70,28
712,564,69,28
705,562,69,28
701,561,69,28
697,556,69,29
695,551,69,30
695,545,69,32
696,539,68,32
696,539,68,32
695,543,68,32
693,545,68,32
688,548,68,34
684,550,68,35
680,553,68,35
676,555,68,35
675,556,68,35
676,555,68,35
678,552,68,35
681,548,68,35
683,543,66,36
685,540,66,36
685,542,66,36
683,546,66,37
677,549,66,37
672,552,65,38
663,553,65,38
658,554,65,38
653,558,65,39
651,563,65,40
653,569,65,40
656,572,65,40
661,575,65,40
664,575,65,40
665,573,65,40
664,568,65,40
660,564,65,41
657,563,65,41
649,560,66,41
644,559,66,41
633,557,66,42
629,558,66,42
624,558,65,42
621,561,65,42
622,566,65,42
626,571,65,42
629,575,65,42
631,578,65,42
632,583,64,43
629,588,64,43
623,594,64,42
619,597,64,42
614,600,64,42
607,603,64,42
603,603,63,43
599,606,63,43
593,610,63,43
590,611,63,44
587,615,63,45
585,617,63,45
582,619,63,45
578,621,63,45
574,620,62,47
569,616,62,47
567,612,62,47
567,613,62,47
565,617,63,47
562,623,63,47
557,627,63,48
553,626,63,48
548,622,62,48
544,619,61,48
542,617,61,48
540,614,61,48
539,614,61,48
535,616,60,48
530,617,60,48
524,619,60,49
519,615,60,49
515,609,60,49
512,605,60,48
512,602,59,49
510,595,59,49
508,588,59,49
506,581,59,49
501,572,57,50
497,565,57,51
492,557,57,51
488,549,57,51
486,544,57,51
483,538,56,51
482,536,55,51
482,530,55,52
481,521,55,52
482,514,55,52
485,500,55,53
487,496,55,53
491,496,55,53
495,496,55,53
497,495,54,52
498,495,54,51
498,493,54,51
497,490,53,52
495,489,53,52
493,488,52,52
492,486,51,52
490,487,51,52
490,486,51,52
490,487,51,52
492,485,51,52
490,480,51,52
487,480,51,52
483,482,51,52
480,484,51,52
476,488,50,52
472,492,50,56
472,497,49,55
472,500,49,55
474,501,49,55
477,501,49,54
478,499,49,54
479,499,48,54
478,499,47,54
475,500,46,54
472,502,46,54
467,504,45,56
463,504,45,56
458,503,45,56
454,502,45,56
452,504,45,56
450,507,45,56
449,511,45,56
449,515,45,56
450,519,45,56
451,521,44,57
450,527,44,58
448,531,44,58
443,538,44,58
439,543,44,58
436,547,43,58
433,547,42,58
433,546,41,58
433,545,41,58
433,543,41,58
431,540,41,58
429,540,41,58
424,540,40,58
418,541,40,58
413,541,40,58
404,541,39,58
398,541,39,58
388,536,39,58
383,535,37,58
378,531,37,58
376,529,38,58
376,526,38,58
376,522,38,58
376,517,38,58
375,510,38,58
373,508,38,58
369,506,38,58
365,504,38,58
361,500,38,58
357,497,38,58
356,495,38,58
356,493,38,58
357,492,36,58
357,490,36,58
357,480,34,58
356,476,34,58
356,472,34,58
358,468,33,58
361,463,33,57
361,460,33,57
356,454,33,57
352,453,33,57
347,452,33,57
342,450,32,57
340,449,32,58
338,447,32,58
338,446,32,58
339,445,32,58
341,442,32,58
342,439,32,58
344,435,32,58
346,431,31,58
346,422,30,59
345,419,30,59
345,415,28,59
344,411,28,59
344,408,28,59
344,407,28,59
344,407,27,59
345,407,27,59
347,403,27,59
348,400,27,59
349,399,27,59
347,400,27,59
345,400,27,59
342,399,27,59
339,396,26,59
339,394,25,59
338,394,25,59
339,394,24,59
341,399,24,59
349,405,22,58
356,410,21,58
361,413,21,58
368,415,22,58
371,418,22,57
372,428,22,57
370,440,21,55
366,446,21,55
361,454,21,55
358,460,21,55
355,466,21,55
355,472,20,55
356,474,20,55
357,476,20,55
357,477,19,55
353,477,19,55
349,478,19,55
343,479,19,55
339,483,19,55
336,487,19,55
336,487,18,55
338,490,18,55
343,501,18,56
346,511,18,54
350,519,18,54
352,528,18,54
353,532,18,54
356,532,18,54
356,522,18,54
353,513,18,54
347,507,18,54
339,495,18,54
327,479,18,54
314,479,18,54
308,483,18,54
302,478,18,54
301,474,18,54
301,467,18,54
301,463,18,54
300,458,18,54
295,452,18,54
281,440,18,53
277,436,18,53
272,422,18,53
273,420,18,53
280,429,18,53
285,437,18,53
291,446,18,53
294,452,17,53
289,455,17,53
281,462,17,53
267,471,17,52
259,473,18,52
249,466,19,52
246,455,19,52
247,454,19,52
250,452,19,52
254,449,20,52
256,444,20,52
256,434,20,52
253,431,20,52
246,437,20,52
240,443,20,52
232,451,20,52
227,452,20,52
222,449,20,52
220,442,20,52
223,437,20,52
234,428,21,52
244,420,21,51
260,402,21,51
270,393,21,51
283,388,22,51
289,387,22,51
292,386,22,51
290,385,22,51
283,385,22,51
278,387,22,51
273,394,24,50
271,405,25,50
273,412,25,50
276,417,25,50
275,417,25,50
271,413,25,49
267,408,25,49
262,412,25,49
260,413,25,48
259,412,25,48
258,418,24,48
253,428,24,48
249,430,24,48
243,429,25,48
234,424,26,48
226,418,28,48
219,407,28,49
216,401,29,50
216,393,29,50
218,382,30,50
219,372,30,51
223,362,30,51
226,357,30,51
230,357,30,51
234,362,29,53
236,370,29,53
233,376,29,53
228,382,29,51
225,383,29,51
223,383,29,51
223,380,29,51
225,377,29,51
232,377,29,51
237,380,29,51
240,386,30,50
241,396,30,49
238,396,30,49
226,392,30,48
222,390,30,48
221,387,30,48
222,388,30,48
225,387,30,48
225,387,30,48
223,389,30,48
216,383,30,48
205,375,30,48
195,364,30,48
181,353,30,47
176,346,31,47
176,339,31,47
182,341,32,47
192,343,32,46
208,345,32,46
220,345,32,46
235,343,32,46
241,342,32,45
246,339,32,45
246,335,32,45
244,334,32,45
239,335,32,45
235,338,32,44
230,344,32,44
226,352,32,44
223,359,32,44
222,367,32,44
221,376,32,44
220,378,32,44
219,378,32,44
217,384,33,43
217,387,33,43
219,391,33,43
219,393,34,43
221,395,34,43
223,397,34,43
224,397,34,43
224,397,34,43
223,397,34,43
222,396,34,43
218,393,34,43
214,390,34,43
207,383,34,43
200,374,34,43
196,367,34,43
192,362,34,43
189,361,34,43
186,361,34,43
184,359,34,42
182,356,35,42
182,351,35,42
184,346,35,42
186,339,35,43
189,336,36,43
194,331,36,43
200,326,36,43
205,321,36,43
209,316,36,43
212,314,36,43
213,319,37,42
213,329,37,42
211,336,37,42
209,338,37,42
208,337,37,42
208,332,37,42
208,325,37,42
207,314,37,42
207,307,37,42
210,301,37,42
211,297,37,42
213,290,39,41
214,282,39,41
211,276,39,41
209,275,39,41
206,273,39,41
204,273,40,40
204,275,40,40
206,275,40,40
209,275,40,40
212,274,41,39
217,272,41,39
223,270,41,39
226,269,42,38
229,269,42,38
230,271,42,38
230,273,42,38
228,274,42,38
226,275,42,38
225,279,42,38
224,285,43,37
225,289,43,37
228,295,43,37
234,304,43,37
237,309,43,37
242,316,43,37
243,319,44,37
243,324,44,35
242,327,44,35
240,331,43,35
237,335,44,35
234,339,44,35
231,345,44,35
230,351,44,35
228,360,45,36
227,368,46,35
226,372,46,35
225,376,46,35
222,378,46,35
219,379,46,35
209,376,46,35
207,373,46,34
206,369,45,33
204,364,46,33
204,363,46,33
204,362,46,33
205,361,46,33
205,357,46,33
205,352,46,33
204,347,46,33
202,339,46,33
200,334,46,33
196,329,46,33
195,325,46,34
193,322,46,33
192,321,46,33
193,319,46,33
194,318,46,33
196,315,46,33
197,315,46,33
199,315,46,33
200,313,46,33
201,311,46,33
201,309,46,33
200,306,47,32
199,305,47,32
197,305,47,32
196,306,47,32
194,305,47,32
193,300,47,32
194,298,47,31
195,299,47,31
197,299,47,31
199,298,47,31
200,295,47,31
201,292,47,31
202,288,47,31
202,286,47,31
201,280,47,31
200,277,47,31
198,273,47,31
198,272,47,31
198,272,47,31
198,272,47,31
199,271,47,31
201,270,47,31
202,270,47,31
203,270,47,31
205,269,47,31
206,269,47,31
209,271,47,31
211,272,47,31
213,270,47,31
213,269,47,31
214,268,47,31
214,267,47,31
214,266,47,31
214,265,47,31
213,262,48,30
213,259,48,30
212,256,48,30
211,253,48,30
210,248,48,30
209,244,48,30
208,239,49,29
206,238,49,29
206,233,49,29
207,228,49,29
209,222,49,29
211,220,49,29
214,218,49,29
216,216,49,29
219,214,49,29
222,210,50,28
224,207,50,28
226,206,51,27
229,204,51,27
231,201,51,27
234,196,51,27
236,193,51,27
239,191,52,26
241,190,52,26
242,189,52,26
244,187,52,26
246,188,52,26
249,193,52,26
251,196,52,26
253,198,52,25
258,200,52,25
261,201,52,25
264,200,52,25
266,203,52,25
267,205,52,24
268,206,52,24
269,204,52,24
271,201,52,24
273,198,52,24
275,200,52,24
277,199,52,24
278,199,52,24
279,205,52,24
278,209,52,24
278,211,52,24
281,219,52,24
290,231,52,24
306,241,52,24
308,240,52,24
308,238,52,23
306,236,52,23
304,236,52,23
302,237,52,23
300,238,52,23
299,240,52,23
300,242,52,23
301,244,52,23
303,247,52,22
303,248,52,22
302,248,52,22
300,248,53,22
297,248,53,22
294,247,53,22
292,246,53,22
291,244,53,22
292,243,53,21
295,242,53,21
297,243,53,21
300,244,52,21
304,245,52,21
306,244,52,21
307,244,52,21
307,242,52,21
306,239,52,21
301,226,52,21
297,217,52,21
294,212,52,21
291,209,52,21
288,206,52,21
286,204,52,20
286,202,52,20
287,200,52,20
289,196,52,19
292,193,52,19
296,189,52,19
299,185,52,19
301,181,52,19
304,176,52,19
306,172,52,18
310,165,52,18
312,161,52,18
316,155,52,18
318,150,53,18
321,144,53,18
322,141,53,19
323,138,53,19
322,133,53,19
321,128,53,19
320,124,53,19
320,118,53,19
321,114,53,19
324,109,53,19
327,108,53,19
321,143,53,19
331,107,54,21
340,106,54,21
346,104,54,21
357,100,54,21
369,93,54,21
375,85,54,21
379,74,54,21
382,64,54,21
386,69,54,21
386,54,54,20
320,113,54,20
392,51,54,19
397,52,54,18
404,53,54,18
413,57,54,18
418,60,54,18
422,60,54,18
428,55,54,18
433,50,54,19
437,48,54,19
441,48,53,20
446,52,53,20
451,55,53,20
459,58,53,20
465,60,53,20
470,62,53,20
479,67,53,20
482,68,53,20
490,68,53,20
494,69,52,21
497,70,52,21
502,67,52,21
505,65,52,21
510,66,52,21
514,65,52,21
517,64,52,21
522,63,52,21
525,62,52,21
528,63,52,21
530,64,51,22
532,65,51,22
534,65,51,22
536,67,51,22
539,72,51,23
542,77,51,23
546,82,50,24
551,89,50,24
555,96,50,24
561,107,50,24
563,112,50,24
567,116,50,24
572,121,50,24
577,124,50,24
584,129,49,25
586,134,49,25
590,139,49,26
595,146,49,26
598,149,49,26
601,149,49,26
604,146,48,27
605,148,48,27
604,154,48,27
577,121,48,27
603,172,48,28
604,178,48,28
602,180,48,28
602,181,48,28
603,180,48,28
605,179,47,29
606,181,47,29
606,178,46,30
606,176,46,30
605,174,46,30
604,173,46,30
602,172,46,30
600,171,46,30
599,170,46,30
599,170,46,30
601,168,45,31
602,167,45,31
604,166,44,32
605,165,44,32
607,163,44,32
610,161,44,32
612,159,44,32
614,155,44,32
616,151,43,33
618,143,43,34
619,137,43,34
619,131,43,34
622,126,43,34
624,123,43,34
627,122,43,34
632,123,42,35
635,127,42,35
638,132,41,34
640,136,41,34
639,139,41,34
638,135,41,34
638,127,41,35
635,115,41,36
634,110,41,36
634,99,40,37
636,93,40,37
639,88,39,38
646,81,39,38
652,76,39,38
663,69,39,38
671,64,39,38
682,57,38,39
690,50,37,40
700,40,37,40
706,36,36,41
713,32,36,41
715,31,36,41
719,30,35,42
720,28,35,42
724,23,35,42
727,21,35,42
731,17,35,42
737,23,34,43
743,28,33,44
747,33,33,44
751,35,32,45
758,36,31,46
765,34,29,46
769,34,29,46
773,36,29,46
778,40,28,47
782,46,27,48
789,63,26,48
794,76,26,48
805,92,25,49
813,98,25,49
822,109,25,49
831,127,24,50
835,140,24,50
840,156,24,50
844,168,22,50
846,183,22,50
850,208,22,50
852,221,22,50
854,234,21,50
856,248,20,51
857,284,20,51
856,299,20,51
853,317,20,51
850,332,20,51
847,341,20,51
844,354,19,51
842,358,19,51
843,363,18,51
845,367,18,51
851,373,18,51
855,377,18,51
861,382,18,51
865,384,18,51
869,384,18,51
872,383,18,51
876,382,18,51
877,382,18,51
876,383,18,51
874,382,18,50
870,377,18,50
868,374,19,50
865,369,19,50
862,362,19,50
863,359,19,50
867,363,20,49
867,365,20,49
863,369,20,49
851,373,21,49
842,377,22,49
830,378,22,49
822,377,22,49
818,375,22,49
815,373,22,49
814,371,22,49
814,368,23,50
814,364,23,50
814,357,23,50
812,354,24,50
809,351,25,50
806,351,26,50
803,349,26,50
800,340,27,49
800,335,28,48
801,329,28,48
802,325,28,48
805,317,29,47
807,308,29,49
811,300,29,49
813,291,31,50
814,289,31,50
814,288,32,49
813,288,32,49
812,286,33,49
812,284,34,48
813,283,34,48
814,282,35,48
818,280,37,48
822,277,37,48
828,275,39,48
832,277,39,48
834,281,39,48
834,289,41,48
833,293,41,48
830,300,42,48
829,303,42,48
827,310,43,47
826,315,44,46
826,320,45,45
828,324,45,45
829,327,45,45
830,332,46,44
832,337,46,44
831,346,48,44
831,355,48,44
829,366,49,43
826,374,51,42
822,384,51,42
818,394,51,42
815,402,52,41
812,413,52,41
811,420,54,40
812,427,54,40
813,431,54,40
814,436,54,40
814,446,55,39
815,453,55,39
815,463,56,38
816,473,56,38
818,476,56,38
822,485,59,37
822,491,59,37
821,495,59,37
816,505,60,36
813,512,60,36
809,525,60,36
807,535,62,36
806,539,62,36
802,542,62,36
797,541,62,36
793,539,62,36
786,537,63,35
782,536,64,34
778,531,64,34
776,529,64,34
774,529,64,34
772,531,65,33
770,531,65,33
768,529,65,33
765,528,66,33
761,529,66,33
759,530,67,32
756,532,68,31
755,533,68,31
754,534,68,31
751,535,68,31
748,539,70,30
746,543,70,30
742,547,70,30
740,549,70,30
738,546,70,28
737,543,70,28
736,540,70,28
735,540,70,28
733,544,71,27
731,550,71,26
729,554,71,26
724,562,72,25
720,569,72,25
713,580,74,24
708,586,74,24
704,593,74,24
704,597,74,24
706,601,74,24
708,602,74,24
709,604,74,24
708,605,74,24
704,605,75,24
700,605,75,24
693,608,75,24
685,612,75,23
681,614,75,23
678,616,75,23
678,615,75,23
679,613,75,23
681,614,75,23
680,617,75,23
677,619,75,23
672,620,75,23
665,622,75,23
660,623,75,23
655,622,75,23
650,620,75,23
645,615,75,22
642,611,75,22
640,609,76,22
637,605,77,22
634,604,77,21
630,604,77,21
625,604,77,21
620,603,77,21
615,606,77,21
608,608,79,21
603,607,79,21
600,605,79,21
598,602,79,21
598,599,79,21
598,596,79,22
598,593,79,22
599,592,79,23
596,591,79,23
594,589,79,24
590,590,79,24
587,591,79,24
583,591,79,24
580,591,79,24
576,592,79,24
572,593,79,24
567,595,79,24
563,596,79,24
560,597,79,24
556,596,79,26
554,598,79,26
551,598,79,26
549,596,79,27
548,596,78,27
547,596,78,27
547,599,78,27
547,607,78,29
549,612,78,30
557,615,76,31
564,616,76,31
567,614,76,31
565,612,75,32
559,610,75,33
551,609,75,33
542,606,75,36
529,602,75,36
522,601,75,36
516,597,75,36
508,587,74,36
504,583,74,36
501,582,74,36
499,585,74,36
494,589,74,36
489,591,74,36
483,590,74,36
478,588,74,36
475,587,74,36
475,586,74,36
475,583,74,36
475,580,74,36
475,574,74,36
476,569,74,36
477,566,74,36
475,561,74,36
471,565,74,36
477,553,74,36
474,551,74,36
472,549,74,36
467,548,74,36
462,549,74,36
457,553,74,36
453,558,74,36
449,562,74,36
448,562,72,38
444,557,72,38
465,552,72,38
443,550,72,38
444,550,72,38
447,550,71,40
448,552,71,40
449,556,71,40
450,561,71,40
449,570,71,40
448,577,69,40
447,585,69,40
442,598,69,40
439,602,69,40
438,605,69,40
449,552,69,40
435,601,67,42
435,604,67,44
436,609,67,44
437,613,67,44
437,617,67,44
436,626,67,44
434,629,67,44
430,632,67,44
427,631,67,44
421,629,67,44
417,628,66,45
414,630,66,45
412,628,66,45
412,625,66,45
413,620,66,45
412,618,65,46
409,618,65,46
407,616,65,46
406,615,64,46
403,615,64,46
403,621,63,45
401,626,63,45
400,629,63,45
401,631,63,45
403,633,63,45
406,632,63,45
410,627,63,45
411,621,63,45
411,615,63,45
406,607,63,45
401,604,63,45
394,601,63,45
388,597,63,45
383,595,63,45
378,592,63,45
376,589,63,45
373,572,63,45
374,566,63,45
362,550,62,45
355,544,61,46
342,542,60,45
330,540,60,45
323,539,60,45
319,550,60,45
319,556,60,45
323,560,60,45
331,556,60,45
340,549,58,47
350,532,56,48
355,527,56,48
356,524,56,48
355,522,56,48
351,518,56,48
347,518,55,48
342,522,55,48
333,524,55,48
326,530,55,48
323,534,54,48
356,524,54,47
324,531,52,47
325,526,52,47
325,522,52,47
325,522,52,47
328,524,52,47
335,524,49,47
341,523,48,48
343,522,48,48
345,516,47,49
344,511,47,49
342,506,47,49
342,504,45,50
340,502,45,50
338,499,45,50
336,496,45,50
333,501,45,50
331,507,44,50
325,514,44,50
320,523,44,50
310,532,44,50
305,535,43,50
302,537,43,50
303,541,43,50
307,544,43,50
313,541,42,51
315,530,42,51
314,520,41,51
305,507,41,51
298,503,41,51
285,497,41,51
279,494,41,51
272,493,41,51
271,494,41,51
271,500,42,50
275,507,42,50
278,509,42,49
282,506,42,49
283,505,42,49
283,508,42,49
281,512,42,49
277,514,42,49
270,516,42,49
263,516,42,49
255,515,40,49
247,513,39,49
243,511,39,49
238,507,39,49
236,506,38,49
235,501,38,49
235,498,38,49
234,494,38,49
232,489,38,49
229,484,38,49
226,480,38,49
223,475,38,49
222,471,37,49
220,467,37,49
219,466,37,49
221,464,36,49
223,461,36,49
224,456,36,49
225,449,36,49
224,445,36,49
222,441,36,49
219,438,35,49
218,427,33,50
218,421,33,50
218,411,32,50
217,409,32,50
216,408,32,50
214,413,32,50
213,423,32,50
212,428,32,50
214,432,31,50
220,433,30,50
223,432,30,50
228,430,30,50
233,427,30,50
237,423,30,50
240,412,29,50
241,403,28,50
239,392,27,50
237,382,27,50
235,376,27,50
235,375,27,50
235,379,27,50
236,381,27,50
238,384,25,50
240,386,25,50
242,388,25,50
246,389,25,50
251,389,25,50
254,392,25,50
259,395,24,50
262,397,23,50
264,399,22,50
267,403,21,49
268,406,21,49
269,410,20,49
269,412,20,49
269,414,19,48
270,413,19,48
271,412,19,48
271,414,19,48
271,415,19,48
270,411,19,48
271,403,19,48
271,397,19,48
270,393,19,48
270,393,19,48
270,397,19,48
270,404,18,47
267,414,18,47
264,421,18,47
256,425,18,47
250,425,18,47
241,422,18,47
233,421,18,47
230,418,18,47
228,412,18,47
228,400,18,46
230,396,18,46
234,394,18,46
238,396,18,46
241,399,18,46
243,403,18,46
241,409,18,46
235,416,18,46
230,417,18,46
224,417,18,46
220,417,18,46
219,417,18,46
220,417,18,46
222,419,18,46
223,423,18,46
223,425,18,46
221,421,18,46
219,420,18,46
215,417,18,46
209,415,18,46
204,413,18,46
197,410,18,46
192,411,18,46
189,411,18,46
188,410,18,46
189,409,18,46
191,406,18,46
192,404,18,46
193,403,18,46
195,401,18,46
195,395,18,46
193,392,19,46
190,390,19,46
188,388,19,45
186,387,19,45
184,386,19,45
183,385,19,45
183,384,19,44
183,383,19,44
182,384,19,44
180,389,19,44
184,391,19,44
181,389,21,44
180,386,21,44
180,383,21,44
179,378,21,44
179,377,21,44
181,377,21,44
183,375,21,44
184,373,21,44
185,371,21,44
183,366,21,44
181,363,21,44
176,363,22,44
174,359,22,44
171,355,22,44
169,351,22,44
168,349,23,43
169,348,23,43
173,347,24,42
177,347,24,42
182,347,24,42
185,345,24,42
186,337,25,41
183,325,25,42
181,318,25,42
176,308,25,42
173,305,25,42
169,306,25,42
167,304,25,42
166,302,25,42
167,300,25,42
168,293,25,42
169,291,25,42
172,288,25,42
175,284,25,42
178,277,26,42
180,272,26,42
180,272,26,42
180,283,26,42
179,289,26,42
177,296,26,42
176,299,26,42
179,295,26,42
181,298,27,42
186,299,28,42
188,303,28,42
193,307,28,42
194,308,28,42
194,314,28,41
192,315,28,41
189,311,28,40
187,309,28,40
183,303,28,40
180,300,28,40
177,291,28,40
175,286,29,41
176,288,29,41
177,292,29,41
178,289,29,41
176,279,29,41
175,272,29,41
174,266,29,41
173,261,29,41
173,257,29,41
173,251,30,40
177,240,32,39
187,235,32,39
195,237,32,39
208,241,32,39
216,246,32,39
225,254,32,39
228,258,32,39
228,259,32,39
226,260,32,39
221,262,32,39
209,267,32,39
201,268,33,38
193,273,33,38
191,275,33,38
191,280,33,38
193,290,34,37
196,302,34,37
199,306,34,37
201,314,34,37
202,318,34,37
199,322,35,36
198,323,35,36
199,319,35,36
194,331,35,36
193,337,35,37
190,349,35,37
186,360,35,37
176,374,36,37
169,378,36,37
161,385,36,37
155,391,36,37
148,398,36,37
146,397,36,37
144,393,36,37
142,386,36,37
142,378,36,37
141,370,36,37
139,372,36,37
137,367,36,37
136,360,37,36
137,351,37,36
137,343,38,36
139,331,38,35
140,323,38,36
142,317,38,36
145,316,38,36
149,317,38,36
155,315,37,37
157,314,37,37
155,309,37,37
151,306,37,37
145,303,36,37
135,298,36,37
130,296,36,37
125,292,38,37
125,290,38,37
128,280,38,37
141,266,38,37
149,257,38,37
154,248,38,37
159,237,38,37
160,232,38,37
159,228,39,36
157,221,39,36
154,218,39,36
149,219,39,36
144,221,39,36
142,220,39,36
142,219,39,36
143,221,39,36
145,223,39,36
148,222,39,36
151,218,38,35
156,214,38,35
160,215,38,35
167,221,38,35
173,223,38,35
180,223,38,35
184,221,39,34
186,217,39,34
186,210,39,34
184,206,40,33
181,199,40,33
179,198,40,33
176,198,40,33
176,196,40,33
177,194,41,32
178,191,41,32
181,189,41,32
183,189,41,32
185,191,42,31
189,191,42,31
195,190,42,31
203,188,42,31
209,184,42,31
214,179,42,31
221,171,43,31
225,165,43,31
229,160,43,31
231,165,44,30
232,173,43,30
232,175,43,30
232,180,43,30
233,187,43,30
235,196,43,30
236,207,43,30
240,215,43,30
241,221,44,30
245,225,44,30
249,228,43,30
251,234,43,30
251,234,43,30
249,233,44,30
245,236,44,30
244,236,44,30
242,237,44,30
244,233,44,30
244,227,44,30
245,219,44,30
247,212,44,30
249,200,44,30
249,191,45,29
255,164,46,29
261,157,47,28
267,154,47,27
276,152,47,27
283,157,47,26
291,162,47,26
295,164,47,26
300,168,47,26
302,175,48,25
304,192,48,25
303,200,48,25
303,205,48,26
301,210,48,26
299,212,48,26
296,213,47,26
293,212,47,26
289,209,47,26
287,207,47,26
287,206,47,26
287,206,47,26
287,204,47,26
288,200,47,26
289,194,47,25
290,192,47,25
290,188,48,25
291,184,48,25
292,181,48,25
292,178,48,25
292,176,48,25
291,174,48,25
290,173,48,25
290,170,48,25
289,168,49,24
290,163,49,24
290,160,49,24
292,158,49,24
296,153,49,24
299,146,49,24
302,138,50,23
304,127,50,23
304,113,50,23
303,102,50,23
302,98,50,23
303,90,50,24
306,83,50,24
310,80,50,23
313,77,50,22
317,71,50,22
319,67,50,22
321,60,50,22
323,55,50,22
326,49,50,22
329,49,50,22
333,45,50,22
335,39,50,22
340,29,51,21
345,29,51,21
350,27,51,21
356,25,51,21
361,23,51,21
369,21,51,21
374,22,51,21
378,23,51,21
383,24,51,21
385,23,51,21
388,23,51,21
389,24,51,21
391,26,51,20
396,30,51,20
399,31,51,21
406,35,52,20
411,39,52,19
419,46,52,19
431,49,52,19
435,47,52,19
438,45,52,19
440,43,52,19
442,43,52,19
443,43,52,19
443,39,52,19
444,35,52,19
447,31,52,19
449,35,52,19
455,42,52,19
459,47,52,19
463,52,52,19
469,57,52,19
473,59,52,19
480,60,52,18
484,60,52,18
488,61,52,17
493,60,52,17
498,57,52,17
501,57,52,17
504,58,52,17
503,58,54,18
504,60,54,18
508,62,54,19
511,64,54,19
513,66,54,19
516,70,55,19
518,73,55,19
522,76,54,20
525,79,54,20
529,82,54,20
533,83,54,20
537,86,54,19
540,88,54,19
543,91,54,19
547,90,54,19
550,90,54,19
553,90,54,19
554,91,54,19
555,94,54,19
555,97,54,19
555,100,54,19
557,102,54,19
560,102,54,19
564,102,54,19
567,104,54,19
570,105,54,19
572,104,54,19
574,100,54,19
576,97,54,19
578,95,53,20
582,94,53,20
585,94,52,20
588,96,52,21
592,95,52,21
596,94,52,21
602,91,53,21
606,89,53,21
610,88,53,21
612,88,53,21
613,91,53,21
613,95,53,21
616,95,52,22
620,94,52,22
624,94,52,22
629,94,52,22
632,92,52,23
606,88,52,22
642,89,52,22
646,87,51,22
650,85,51,22
652,82,51,23
651,76,51,23
650,72,51,23
647,64,50,24
647,65,50,24
649,65,50,24
653,66,49,25
660,72,49,25
666,77,49,27
672,80,48,27
680,80,48,27
686,73,48,29
690,71,47,29
693,68,47,29
694,65,47,29
698,63,46,30
702,60,46,31
705,60,46,31
709,59,47,32
714,60,47,33
719,61,47,34
727,64,46,33
732,66,46,33
739,68,46,33
743,68,46,34
749,66,47,34
756,69,46,35
762,73,46,35
766,77,46,35
772,83,45,35
776,94,45,36
777,103,45,37
780,116,45,37
781,123,45,37
783,130,44,38
787,138,43,38
790,142,43,38
797,151,43,38
802,155,43,39
811,158,43,39
819,162,43,38
823,165,43,38
825,167,43,39
827,172,42,40
827,177,42,40
827,179,42,40
828,181,42,40
829,182,41,42
830,184,40,43
831,186,40,43
833,189,39,43
833,189,40,43
842,191,38,43
846,191,37,43
850,192,37,43
853,194,37,43
856,198,36,44
856,200,36,44
858,202,35,44
862,200,35,45
865,197,34,45
869,193,34,45
870,188,33,45
871,188,33,45
869,190,33,46
867,198,32,47
866,204,32,47
867,215,31,48
870,221,30,48
877,231,30,48
886,237,30,48
893,238,29,49
904,243,29,49
910,247,29,49
915,256,28,49
919,262,27,50
921,268,27,51
922,266,27,51
924,268,27,51
928,269,27,52
931,272,27,52
869,211,28,52
930,275,26,53
928,284,24,53
925,289,24,54
921,301,23,54
917,311,23,54
914,317,23,54
915,326,21,54
916,333,21,55
919,343,21,56
921,349,21,56
923,357,20,56
924,361,18,56
922,366,18,56
919,373,18,56
915,380,18,56
914,385,18,56
913,388,18,56
914,390,18,56
915,394,18,56
916,401,18,56
917,405,18,56
919,409,17,56
919,415,18,56
919,419,18,56
918,423,19,56
917,426,19,56
916,428,20,56
916,430,21,56
919,433,21,55
922,439,21,56
922,440,21,56
922,438,21,57
920,435,23,57
918,437,23,57
916,439,23,57
912,440,24,57
910,440,24,57
909,441,25,57
909,443,26,58
912,448,26,58
912,453,28,57
912,460,28,57
907,468,29,57
900,476,30,57
896,479,30,57
890,477,32,56
889,476,32,56
890,474,33,56
892,472,34,56
895,470,34,56
893,470,34,56
887,475,35,56
881,479,35,56
873,481,35,56
860,484,37,55
849,486,37,54
844,487,38,53
840,487,38,53
837,486,39,53
836,485,40,52
838,483,41,52
839,482,42,52
841,479,42,52
843,475,43,52
841,468,44,52
840,464,46,51
837,460,46,51
832,460,47,50
829,459,48,49
826,458,48,49
823,460,48,49
822,462,49,49
823,470,50,49
823,479,53,49
822,483,53,49
818,486,53,49
814,488,55,48
811,490,55,48
809,490,55,47
807,492,55,47
808,492,56,46
808,491,58,45
810,494,58,44
810,500,59,44
810,509,60,44
810,521,60,44
810,530,62,44
810,542,64,44
811,547,64,44
813,552,64,44
813,558,64,43
811,563,65,42
809,575,65,40
806,586,65,39
800,598,65,39
795,605,65,38
789,617,66,38
785,625,67,38
782,635,68,38
780,642,69,38
779,652,69,38
779,666,69,37
778,680,70,37
777,691,70,37
778,708,71,36
776,719,72,36
773,731,72,37
