632,547,12,8
627,540,12,8
623,539,12,8
618,540,12,8
617,544,12,8
622,542,13,8
625,544,13,8
633,540,13,8
639,531,12,9
648,521,12,9
652,514,11,9
654,507,11,9
650,501,11,9
633,504,11,9
613,505,10,9
597,504,10,8
589,502,10,8
584,494,10,8
584,489,10,8
589,483,10,8
597,476,10,8
602,472,10,8
603,465,10,8
601,460,10,8
599,453,10,9
597,445,10,9
597,443,10,9
598,442,10,9
600,440,10,9
603,437,10,9
606,437,10,9
607,437,10,9
610,440,10,9
615,445,10,9
617,451,9,9
618,457,9,9
620,469,9,9
622,480,9,9
623,487,9,9
625,495,9,9
625,500,9,9
624,506,9,9
623,508,9,9
619,510,9,9
617,510,9,9
614,506,9,9
613,506,9,9
612,503,9,9
610,501,9,9
608,501,9,9
604,503,9,9
602,505,9,9
600,510,9,9
600,510,9,9
600,510,9,9
599,511,9,9
599,513,9,9
600,516,9,9
599,517,9,9
598,520,8,9
594,519,8,9
590,519,8,9
583,510,8,9
578,502,8,9
569,494,8,9
563,490,8,9
558,489,8,9
552,495,8,9
550,497,9,9
551,500,9,9
555,500,9,9
558,495,9,9
566,490,9,9
573,487,9,9
579,483,9,9
585,478,9,9
589,473,8,9
591,466,8,9
591,462,8,9
589,453,8,9
583,449,9,9
578,447,9,9
572,444,9,9
568,443,9,9
564,443,9,9
562,446,9,9
562,453,8,9
563,464,8,9
565,470,8,9
566,477,8,9
572,479,8,9
575,474,8,9
579,466,8,9
580,464,8,9
578,461,9,9
574,456,9,9
573,452,9,9
572,450,9,9
570,448,9,9
565,451,9,9
560,454,9,9
555,456,8,9
549,459,8,9
546,462,10,9
546,468,10,8
547,473,10,8
552,478,10,8
557,480,10,8
559,479,11,8
561,476,11,8
563,472,11,8
563,467,11,8
563,465,11,8
562,465,11,8
557,468,11,8
555,472,11,8
550,477,11,8
543,479,11,8
536,486,11,8
530,489,11,8
522,493,11,8
518,497,11,8
514,501,11,8
513,505,11,8
512,509,11,8
512,513,11,8
513,517,11,8
511,521,11,8
510,523,11,7
509,523,11,7
503,522,11,7
498,508,11,7
494,498,11,7
489,489,11,7
485,481,11,7
481,477,11,7
478,467,11,8
478,463,11,8
477,459,11,8
478,458,11,8
480,459,11,8
483,459,11,8
485,455,11,8
481,454,10,8
477,455,11,8
471,455,11,8
461,442,11,8
460,419,11,7
463,404,11,7
471,393,11,7
479,397,11,7
492,410,11,7
502,420,11,7
517,436,11,7
524,446,11,7
531,456,11,7
530,455,10,7
517,453,10,7
498,456,10,8
488,460,10,8
480,465,10,8
474,472,10,8
474,476,10,8
478,483,10,8
486,492,10,8
493,495,10,8
504,499,10,8
512,499,11,9
522,509,11,8
527,517,11,8
529,520,11,8
525,522,12,8
519,525,12,8
508,532,12,8
502,538,12,8
496,544,12,8
495,546,12,8
495,546,12,8
493,547,12,8
492,546,12,8
489,543,12,8
483,539,12,8
478,540,12,8
469,541,12,8
461,545,12,8
456,546,12,8
452,548,12,8
446,544,12,8
446,538,12,8
444,534,12,8
441,529,12,8
438,522,12,8
434,513,12,8
429,502,12,8
426,496,12,8
421,485,12,8
418,476,14,8
417,471,14,8
416,459,14,8
415,453,14,8
414,452,14,8
413,449,14,8
412,444,14,8
411,434,14,8
410,425,14,8
411,418,14,8
414,414,14,8
418,415,14,8
422,416,14,8
426,407,14,8
428,399,14,8
429,394,14,8
430,391,14,8
430,387,14,8
429,387,14,8
427,389,14,8
427,392,14,7
426,397,14,7
427,398,14,7
429,393,14,7
432,393,14,7
435,395,14,7
439,396,14,8
442,396,14,8
447,399,14,8
449,402,14,8
453,404,14,8
454,404,14,8
454,403,14,8
452,402,14,8
451,401,14,8
448,400,14,8
446,402,14,8
445,406,14,9
445,408,14,9
449,415,14,8
453,419,14,8
457,432,14,8
459,440,14,8
459,444,14,8
456,441,14,8
453,437,14,8
450,433,14,8
448,433,14,8
449,441,14,8
451,447,14,8
452,449,14,8
452,453,14,8
449,461,14,8
445,465,14,8
441,471,14,8
433,479,12,8
426,485,12,8
415,497,12,8
408,505,12,8
404,511,12,8
399,521,12,8
397,527,12,8
397,536,12,8
398,540,12,8
398,543,12,8
396,547,12,8
395,541,12,8
396,529,12,8
397,508,12,8
398,495,10,8
398,476,10,8
397,468,10,8
395,462,10,8
390,459,10,8
385,457,10,8
378,457,10,8
374,458,10,8
370,457,10,8
368,453,10,8
368,447,10,8
368,443,10,8
369,439,10,8
371,436,10,8
374,431,10,8
375,426,10,8
378,419,10,8
379,414,10,8
379,409,10,8
378,403,10,8
377,396,10,8
374,385,10,8
370,378,10,8
368,371,10,7
364,358,10,7
363,352,10,7
362,345,10,7
361,331,10,7
362,324,10,7
364,316,10,7
365,311,10,7
369,307,10,7
371,305,9,7
375,297,9,7
378,291,9,7
380,284,9,7
381,277,9,7
384,274,9,7
388,272,9,7
391,276,9,7
397,284,9,6
401,288,9,6
405,292,9,6
408,296,9,6
410,299,9,6
411,304,9,6
413,313,9,6
414,317,9,6
416,323,9,6
417,329,9,6
418,341,9,6
419,350,9,6
421,362,9,7
421,371,9,7
419,381,10,7
416,396,10,7
413,404,10,7
408,410,10,7
403,413,10,7
400,417,10,7
396,423,10,7
394,427,10,7
393,433,10,7
393,437,10,7
393,440,10,7
391,444,10,7
391,446,10,7
391,445,10,7
393,443,10,7
392,444,10,7
391,447,10,7
388,450,10,7
386,452,10,7
383,453,10,6
382,455,9,6
377,461,9,6
374,466,9,6
368,467,9,6
366,464,9,6
363,456,9,6
361,454,9,6
357,453,9,6
355,452,9,6
353,450,9,6
352,450,9,6
351,450,9,6
351,449,9,6
352,449,9,6
352,448,9,6
352,451,9,6
351,453,9,6
351,456,9,6
351,453,9,6
351,451,9,6
351,450,9,6
347,450,9,6
343,448,9,6
339,449,9,6
331,448,9,6
327,444,8,6
320,436,8,6
317,431,8,6
315,426,8,6
313,416,8,6
314,410,8,6
316,403,8,6
319,401,8,6
321,397,8,6
321,395,9,6
319,393,9,6
316,392,9,6
312,388,9,6
309,385,9,6
307,379,9,6
308,376,9,6
310,374,8,7
312,370,8,7
314,369,8,7
314,371,8,7
314,372,8,7
312,372,8,7
311,367,8,7
310,363,8,7
309,358,8,7
310,354,8,7
311,351,9,7
313,351,9,7
315,354,9,7
315,357,9,7
313,361,9,7
311,359,9,7
309,358,9,7
308,357,9,7
305,352,9,7
305,350,9,7
305,349,9,7
306,348,9,7
308,350,9,7
310,353,9,8
314,353,9,8
316,351,9,8
319,352,9,8
323,354,8,8
326,354,8,8
329,353,8,8
331,350,8,8
332,346,8,8
332,343,8,8
331,339,8,8
330,336,8,8
328,334,8,8
327,334,8,8
325,332,8,8
323,331,8,8
323,331,8,8
323,331,8,8
323,329,8,8
324,328,7,8
325,325,8,8
326,324,8,8
327,323,8,8
329,319,9,8
331,316,9,9
335,311,9,9
337,309,9,9
339,306,9,9
341,306,9,9
341,308,9,9
341,310,9,9
341,312,9,9
344,311,9,9
345,310,9,9
346,308,9,9
346,306,9,9
344,304,9,9
341,301,9,9
339,300,9,9
337,301,9,9
337,301,9,9
337,302,9,9
338,306,9,9
340,308,9,9
341,308,9,9
342,305,9,9
342,303,9,9
343,301,9,9
344,302,9,9
344,303,9,9
343,309,9,9
342,312,9,9
341,313,9,9
340,313,9,9
338,314,9,9
337,316,9,9
337,318,9,9
337,319,9,8
339,321,9,8
340,322,9,8
341,321,9,8
342,324,9,8
344,330,9,9
346,336,9,9
348,342,9,9
350,349,9,9
354,356,8,8
355,358,8,8
355,360,8,8
354,361,8,8
352,362,8,8
349,364,8,8
346,365,8,8
340,368,8,8
335,372,8,8
332,373,8,9
331,374,7,8
331,375,7,8
331,372,7,8
332,367,7,9
333,361,7,9
333,357,8,10
331,350,8,10
329,346,8,10
327,343,8,10
323,339,8,10
320,336,8,9
316,333,8,9
315,330,7,8
313,326,7,8
312,323,7,8
313,319,7,8
315,317,7,8
316,313,7,8
319,306,7,8
321,300,7,8
323,296,7,8
325,288,8,8
326,282,8,8
327,271,8,8
327,265,8,8
326,258,8,8
325,255,8,9
323,248,8,9
322,244,8,8
322,238,8,8
323,234,8,8
324,229,8,9
324,226,8,9
327,219,8,9
333,200,8,9
338,190,8,9
340,186,8,9
344,181,8,9
347,175,8,9
352,166,8,9
356,161,8,9
362,157,8,9
368,157,8,9
371,157,8,9
373,157,9,10
374,159,9,10
376,163,8,9
376,167,8,9
376,171,8,9
378,174,8,9
380,174,8,9
382,176,8,9
387,180,8,9
390,185,8,9
396,192,8,9
404,195,8,9
408,194,9,9
413,195,9,9
413,195,9,9
412,197,9,9
409,199,9,9
404,201,9,9
402,203,10,9
400,207,10,9
400,214,10,9
402,218,10,9
409,223,10,9
416,228,10,9
422,230,10,9
429,234,10,9
431,239,10,9
428,243,10,9
423,244,10,9
418,244,10,9
414,245,10,9
410,246,10,9
409,247,10,9
410,248,10,9
412,248,10,9
416,246,10,9
420,246,10,9
422,243,10,9
424,240,10,9
426,236,10,8
427,234,10,8
429,232,9,8
430,228,9,8
430,223,9,9
430,219,9,9
429,214,9,9
429,212,9,9
428,210,9,9
427,206,9,9
426,200,10,9
424,194,10,9
426,185,10,9
427,179,10,9
429,174,10,9
434,174,10,9
438,173,10,9
444,170,10,8
447,165,10,8
449,161,10,8
451,152,10,8
451,144,10,8
451,134,10,8
451,131,10,8
452,127,10,8
454,124,10,8
459,123,10,8
464,124,10,8
467,127,10,8
470,132,10,8
473,143,10,8
473,152,10,8
475,165,10,8
476,173,10,8
480,181,10,8
483,185,10,8
491,191,10,8
496,192,10,8
503,196,10,8
507,199,10,8
509,203,10,8
508,206,10,8
507,208,10,8
505,216,10,8
504,221,10,8
505,227,10,8
505,231,10,8
508,236,10,8
513,244,10,8
517,248,10,8
522,250,11,8
528,253,11,8
534,253,11,8
537,253,12,8
539,255,12,8
539,255,12,8
538,253,12,8
534,249,12,7
530,247,12,7
525,243,11,7
522,241,11,7
519,239,11,7
518,238,10,7
517,238,10,6
517,236,10,6
517,232,11,7
519,229,11,7
519,227,11,7
521,223,11,7
522,219,11,7
524,211,11,7
525,206,11,7
525,203,11,7
527,201,11,7
530,191,11,7
533,185,11,7
537,173,11,7
541,165,11,7
544,157,11,7
547,146,11,7
549,141,11,7
551,135,11,7
553,127,11,7
554,121,11,7
555,109,11,7
557,103,11,7
561,95,11,7
563,91,11,7
566,93,11,7
573,93,11,7
583,89,11,7
591,86,11,7
603,86,11,6
610,89,10,6
617,93,10,6
621,90,10,6
626,89,10,6
627,90,10,6
629,92,10,6
631,95,10,7
632,101,10,7
633,113,10,7
635,121,11,7
637,130,11,7
639,136,11,7
643,143,11,7
648,151,11,7
653,154,11,7
658,156,11,7
669,149,11,7
674,143,11,7
678,143,11,7
678,145,11,7
674,153,11,7
671,162,11,7
666,175,11,7
663,184,11,7
659,200,11,7
660,209,11,7
665,221,11,7
672,227,10,7
680,231,10,7
695,236,10,6
703,239,11,6
713,247,12,6
718,254,11,6
723,265,12,7
722,273,12,7
720,280,12,6
715,287,13,6
707,297,13,7
701,305,12,7
699,313,11,7
693,323,11,7
691,335,11,7
689,357,11,7
688,364,11,7
685,360,11,7
682,352,11,7
680,338,11,7
680,329,11,7
686,313,11,7
689,304,11,7
692,293,11,7
692,280,11,7
689,276,11,6
681,268,11,6
677,262,11,6
673,246,11,6
673,232,12,6
678,225,12,6
688,219,12,6
697,215,12,7
708,216,12,7
716,223,12,7
721,238,12,7
722,249,12,7
721,263,12,7
720,274,12,7
719,273,12,7
719,271,12,7
717,271,12,7
715,273,12,7
713,273,12,7
709,273,12,7
705,269,12,7
703,267,12,7
701,266,12,7
698,267,12,7
696,269,12,7
695,271,12,7
696,270,11,7
698,269,10,8
702,268,10,8
705,266,10,8
709,261,10,8
712,257,10,7
714,253,10,7
714,249,10,7
714,248,10,7
712,245,10,7
712,243,10,7
711,237,11,8
711,235,11,8
708,239,11,8
705,242,11,8
701,248,11,8
697,250,11,8
693,254,11,8
691,256,11,8
691,256,11,8
695,251,11,8
699,249,11,8
705,247,11,8
710,250,10,8
718,254,10,8
723,258,9,8
728,264,9,8
729,269,9,8
727,276,9,8
724,277,9,8
722,278,9,8
720,278,9,8
721,281,9,8
726,286,10,8
731,291,10,8
741,300,10,8
746,307,10,8
751,311,10,8
754,318,10,8
753,328,10,8
752,334,10,8
748,338,10,8
746,340,10,8
743,341,10,8
742,342,10,8
741,343,10,8
739,342,9,8
736,345,9,8
728,351,9,9
721,360,9,9
715,369,9,9
709,379,9,9
707,386,9,9
707,393,9,9
709,395,9,9
711,394,9,9
714,388,9,9
715,386,9,9
715,384,9,9
715,384,9,9
714,387,9,9
710,389,9,9
707,391,9,9
703,389,9,9
699,388,9,9
696,384,9,9
695,385,9,9
695,389,9,9
695,392,9,9
696,393,9,9
696,393,9,9
696,395,9,9
694,395,9,9
692,396,9,9
691,397,9,9
689,397,9,9
687,397,9,9
684,396,9,9
682,394,9,9
681,393,9,9
681,391,9,9
681,389,9,9
683,390,9,9
684,390,9,9
684,388,9,9
683,385,9,9
681,380,9,9
680,377,9,9
677,375,9,9
677,374,9,9
676,370,9,9
676,365,9,9
674,364,9,9
670,367,9,9
665,373,9,9
662,377,9,9
660,380,9,9
658,381,9,9
661,375,9,9
661,371,9,9
665,362,9,9
668,356,9,9
672,352,9,9
675,348,9,9
679,339,9,9
681,335,9,9
682,327,9,9
684,323,9,9
685,317,9,9
686,311,9,9
688,304,9,9
689,300,9,9
692,298,9,9
695,297,9,9
702,297,10,8
707,301,10,8
714,307,10,8
719,317,10,8
721,321,10,8
720,326,10,8
718,326,10,8
714,328,10,7
709,328,10,7
707,324,10,7
705,323,10,8
704,326,10,8
701,331,10,8
701,335,10,8
700,340,10,8
701,345,10,8
703,343,10,8
708,340,10,8
710,338,10,8
710,343,10,8
708,350,10,8
703,361,10,8
695,355,10,7
694,354,10,7
695,354,10,7
701,354,10,7
705,355,10,7
713,356,10,7
717,356,10,7
723,358,10,7
721,356,10,7
720,356,10,7
716,360,10,7
715,364,10,7
715,367,9,7
716,371,9,7
718,378,9,7
720,381,9,7
721,389,9,7
721,395,9,6
718,407,9,6
715,415,10,6
710,424,10,6
703,430,10,6
701,434,10,6
699,439,10,6
699,445,10,6
701,451,10,6
705,467,10,6
708,481,10,6
710,503,10,6
707,515,10,6
701,526,10,6
695,532,10,6
684,537,10,6
678,541,10,6
671,544,10,6
667,544,10,6
665,540,10,6
665,536,10,6
664,528,10,6
663,524,10,6
660,521,10,6
652,513,10,6
647,506,10,6
639,494,10,6
633,485,10,6
624,470,10,6
619,462,9,6
613,450,9,6
609,441,9,6
606,428,9,6
606,426,9,6
607,429,9,6
608,431,9,6
611,427,9,6
615,417,9,6
618,416,9,6
619,416,9,6
617,416,9,6
613,412,9,6
611,405,9,6
608,393,9,6
606,382,9,6
606,381,9,6
606,385,9,6
608,390,9,6
609,393,9,6
609,396,9,6
609,397,9,6
607,397,9,6
604,397,9,6
603,395,8,7
600,395,8,7
600,395,8,7
602,395,9,7
606,396,9,7
606,396,9,7
606,397,9,7
604,396,9,7
603,395,9,7
604,394,9,7
605,390,9,7
604,388,9,7
604,388,9,7
607,392,9,7
613,397,9,7
621,401,8,7
627,403,8,7
631,403,8,7
636,406,8,7
636,408,8,7
633,412,8,7
629,416,8,7
625,421,8,7
614,429,8,7
609,430,8,7
605,428,8,8
603,428,8,8
599,429,8,8
595,430,8,9
591,435,8,9
588,446,8,9
587,454,8,9
588,464,8,9
588,465,8,9
590,470,8,9
592,473,8,9
593,471,8,9
596,460,8,9
597,452,8,9
597,444,8,9
595,434,8,9
594,431,8,9
591,429,8,9
588,427,8,9
586,427,8,9
581,427,8,9
578,425,8,9
576,423,8,9
575,421,8,9
574,414,8,9
575,409,8,9
574,409,8,9
573,410,8,9
571,408,8,9
568,405,8,10
567,404,8,10
569,406,9,9
575,410,9,9
581,410,9,9
584,405,9,9
590,406,9,9
593,408,9,9
592,408,9,9
588,409,9,9
581,405,9,9
577,401,9,9
570,395,9,9
565,393,9,9
562,391,9,9
559,385,9,9
558,384,9,9
559,386,9,9
559,390,9,9
560,394,9,9
563,398,9,9
565,399,9,10
572,397,9,10
576,399,9,10
580,398,9,10
581,399,10,10
584,401,10,10
583,403,10,10
582,404,10,10
580,404,10,10
578,404,10,10
571,409,11,9
562,419,11,8
557,426,11,8
549,441,11,8
545,452,11,8
541,462,11,8
541,466,11,8
541,468,11,8
542,468,11,9
543,466,11,9
544,468,11,9
545,471,11,9
545,473,11,9
544,475,11,9
541,479,11,9
541,484,11,9
544,489,11,9
546,491,11,9
548,493,11,9
544,496,11,9
539,496,11,9
535,494,11,9
527,495,12,9
523,496,13,9
519,496,13,9
517,494,13,9
516,493,13,9
516,490,13,9
518,486,13,9
519,483,13,9
520,482,12,9
521,483,12,9
522,483,12,9
523,486,12,9
522,495,12,9
520,500,12,8
518,499,12,8
513,494,12,8
508,489,12,8
501,479,12,8
496,470,12,8
491,465,12,8
488,456,12,8
486,453,12,8
484,450,12,8
480,445,12,8
478,445,12,8
473,444,12,8
472,442,12,8
473,437,12,8
475,436,12,8
476,435,12,8
477,435,12,8
478,435,12,8
477,433,12,8
472,426,12,8
468,422,12,8
462,416,12,8
459,413,12,8
455,408,12,8
454,404,12,8
453,400,12,8
453,399,12,8
454,397,12,8
454,395,12,8
455,395,12,8
456,395,12,8
458,393,12,8
462,392,12,8
463,391,12,8
465,390,12,8
468,388,12,8
470,386,12,8
472,382,12,8
473,382,12,8
473,384,12,8
473,388,12,8
472,391,12,8
471,395,12,8
471,399,12,8
472,401,10,8
472,407,10,8
473,410,10,8
474,413,10,8
474,417,10,8
473,420,10,8
471,423,9,8
469,425,9,8
467,431,9,8
467,437,9,8
468,447,10,8
468,453,10,8
466,459,10,8
464,464,10,8
463,470,10,8
461,474,10,8
458,479,10,8
456,481,10,8
454,481,10,8
452,479,10,8
450,477,10,8
445,477,10,8
444,477,10,8
442,479,10,8
439,483,10,8
437,488,10,8
434,491,10,8
432,496,10,8
430,500,10,8
426,513,10,8
424,520,9,8
422,523,9,8
419,525,9,8
416,525,9,8
414,523,9,8
411,522,9,8
408,523,10,7
405,522,10,7
403,518,10,7
399,513,10,7
396,511,10,7
391,509,10,7
386,508,10,7
381,506,10,7
376,502,10,7
372,498,10,7
370,495,10,7
368,493,10,7
367,491,10,7
364,488,10,7
363,485,10,7
362,480,10,7
360,473,10,8
360,468,10,8
360,463,9,8
359,455,9,8
357,448,9,8
354,441,9,8
351,439,9,8
348,434,9,8
346,430,9,8
345,426,9,8
344,420,9,8
344,415,9,8
344,410,9,8
345,410,9,8
347,412,9,8
349,413,9,8
352,417,9,8
352,419,9,8
351,418,9,8
348,418,9,8
343,417,9,8
340,417,9,8
335,413,9,8
333,411,9,8
331,410,9,8
330,409,9,8
330,412,9,8
331,414,9,8
332,414,9,8
335,404,9,9
335,398,9,9
334,395,9,9
332,399,9,9
331,401,9,9
329,405,9,9
329,409,9,9
333,415,9,9
336,419,9,9
339,421,9,9
339,419,9,9
339,419,9,9
337,422,9,9
336,424,9,8
333,418,9,8
332,413,9,8
331,410,9,8
330,404,9,9
331,400,9,9
333,396,9,9
335,394,9,9
336,393,9,9
336,389,9,9
335,385,9,9
333,382,9,9
332,375,9,9
331,369,9,10
331,364,9,10
331,364,9,9
330,363,9,9
330,362,9,9
330,362,9,9
331,363,9,9
334,365,9,9
336,365,9,9
338,365,9,9
338,364,10,9
337,364,10,9
336,363,10,9
336,362,10,9
335,362,10,9
334,361,10,9
333,360,10,9
332,358,10,9
332,356,10,9
334,352,10,9
335,354,9,9
335,358,9,9
336,361,8,9
336,363,8,9
338,365,8,9
340,365,8,9
344,367,8,9
347,372,8,9
349,376,8,9
350,380,8,9
351,387,9,9
351,393,9,9
352,400,8,8
351,404,8,8
348,410,8,8
345,419,8,8
340,424,9,8
336,432,8,8
332,435,8,8
328,440,8,8
328,445,9,8
329,451,9,8
332,454,8,8
332,457,8,8
330,461,9,8
328,463,8,8
321,465,8,9
312,465,8,9
306,467,8,8
298,469,8,8
294,469,8,8
292,469,8,8
290,468,8,8
290,467,8,8
290,466,8,8
291,465,8,8
290,464,8,8
289,459,9,8
288,453,8,8
285,446,9,8
283,444,9,8
279,441,9,8
277,439,9,8
274,437,8,8
272,435,8,8
270,432,8,8
268,429,8,8
266,426,8,8
264,421,8,9
262,415,9,9
260,405,9,9
259,397,9,8
257,393,9,8
256,385,8,9
254,380,8,9
253,373,8,9
252,368,8,9
254,363,8,8
256,358,8,9
258,353,8,9
261,347,8,9
263,336,9,9
264,329,9,9
265,316,9,9
265,309,9,9
264,303,9,9
261,297,9,9
260,293,9,9
259,288,9,9
259,284,9,9
261,280,9,9
265,277,9,9
269,277,9,9
276,275,9,9
282,271,9,9
288,264,9,9
291,257,9,9
294,246,8,9
295,240,8,9
296,229,9,9
298,228,9,9
300,231,9,9
303,233,9,10
306,233,9,10
308,236,9,10
311,240,9,10
313,241,9,9
317,244,9,9
323,247,9,9
327,249,9,9
332,249,9,9
339,249,9,9
343,247,9,9
345,244,9,9
344,244,9,9
340,243,9,9
337,245,9,9
335,249,9,9
334,251,9,9
335,257,9,9
338,263,9,9
340,267,9,9
343,273,9,9
345,278,9,9
347,282,9,9
349,289,9,9
350,293,9,9
349,297,9,9
348,300,9,9
347,303,9,9
346,307,9,9
346,314,9,9
348,323,9,9
349,330,9,8
351,342,9,8
353,349,10,8
356,357,10,8
357,359,10,9
358,366,10,9
358,379,10,9
355,376,10,9
353,373,10,9
351,369,10,9
349,365,10,9
348,362,10,9
348,359,10,9
347,357,10,9
343,354,10,9
340,349,10,9
335,341,10,9
332,334,10,9
326,323,10,9
324,317,10,9
320,309,10,9
317,303,10,9
312,291,10,9
310,282,10,9
308,276,10,8
307,267,10,9
307,262,10,9
309,254,10,9
311,249,10,9
314,239,10,9
316,233,10,9
317,227,10,9
319,215,10,9
321,205,10,9
324,193,10,9
325,186,10,9
328,176,10,9
330,165,10,9
332,159,10,9
333,153,10,9
335,149,10,9
339,144,10,9
343,139,10,9
347,137,10,8
353,132,10,8
358,128,10,8
365,121,10,8
370,116,10,8
374,112,10,8
382,109,10,8
386,109,10,8
392,111,10,8
399,114,10,8
403,114,10,8
410,115,10,8
414,119,10,8
420,122,10,8
423,125,10,8
426,128,10,8
431,130,10,8
434,133,10,8
440,139,10,8
444,141,10,8
447,142,10,8
448,146,10,8
448,150,10,8
447,154,10,8
445,158,10,8
443,162,11,8
443,165,11,8
444,170,11,8
445,174,11,8
449,178,11,8
454,183,11,8
457,186,11,8
461,190,11,8
464,191,11,8
468,193,11,8
472,199,11,8
475,205,11,8
481,212,11,8
486,217,10,8
489,223,10,7
490,227,10,7
491,231,10,7
492,233,10,7
493,235,10,7
493,239,10,7
493,241,10,7
492,242,10,7
490,241,10,7
489,239,10,7
489,240,11,7
489,240,11,7
491,239,11,7
493,237,11,7
496,234,10,6
496,232,10,6
496,231,10,6
496,230,10,6
496,227,10,6
497,224,10,6
497,220,10,6
498,216,10,6
498,212,10,6
498,209,10,6
498,206,10,6
499,204,10,6
499,200,10,6
499,198,10,6
498,198,10,6
499,194,10,6
499,192,10,6
500,187,10,6
501,184,10,6
503,182,10,7
503,180,10,7
507,175,10,7
510,172,10,7
513,167,10,7
517,155,10,7
519,149,10,7
522,139,10,7
524,135,10,7
525,133,10,7
527,135,10,7
530,136,10,7
534,139,10,7
537,141,10,7
541,145,10,7
548,148,10,6
552,150,10,6
558,150,10,6
561,152,10,6
566,156,10,6
567,162,11,6
568,170,10,6
568,173,10,6
567,177,11,6
567,179,11,6
568,180,10,6
569,181,10,6
570,178,10,6
572,174,10,6
574,172,10,6
575,170,10,6
577,167,10,6
577,167,10,6
579,166,10,6
579,165,10,6
579,164,10,6
579,162,10,6
580,159,10,6
582,157,10,6
585,150,10,6
588,143,10,6
593,130,10,6
596,124,10,6
598,120,10,6
602,116,10,6
605,112,10,6
611,106,10,6
622,96,10,6
626,92,10,6
631,86,10,6
637,80,10,6
641,78,10,6
645,76,10,6
648,76,10,6
651,77,10,6
655,80,10,6
660,83,10,6
663,84,10,6
667,84,10,6
672,83,10,7
676,87,10,7
681,94,10,7
685,99,10,7
690,109,10,7
693,114,10,7
699,125,10,7
701,133,11,7
706,145,11,7
710,160,11,7
712,169,11,7
717,181,11,7
721,191,11,7
725,207,10,7
728,219,10,7
733,237,10,7
738,253,10,7
742,262,10,7
746,274,10,7
747,281,11,7
748,287,11,7
748,297,11,7
748,302,11,7
746,310,11,7
745,315,11,7
743,323,11,7
742,327,10,7
740,331,10,7
738,337,11,8
737,342,10,8
735,351,10,8
733,356,10,8
728,362,10,8
724,364,10,8
721,367,10,8
716,371,10,8
713,373,10,7
712,373,10,7
712,373,10,7
711,369,10,7
711,363,10,7
709,359,10,7
706,352,10,7
704,347,10,7
700,334,10,7
698,326,9,8
695,319,9,8
692,310,9,8
691,304,9,8
691,300,9,8
690,293,9,8
691,286,9,8
692,284,9,8
695,282,9,8
696,280,9,8
697,276,9,8
699,272,10,8
700,266,10,8
701,260,10,8
703,251,10,8
704,237,10,7
704,233,10,7
705,229,10,7
704,225,10,7
704,220,10,7
704,216,10,8
705,214,9,8
705,212,9,8
705,211,9,8
707,211,9,8
710,210,9,8
712,208,9,8
716,208,9,8
720,207,9,8
724,205,9,8
729,199,9,8
737,190,9,8
740,190,9,8
744,191,9,8
747,194,9,8
751,198,9,8
755,204,9,8
758,214,9,8
761,222,9,8
765,230,9,8
768,236,9,8
772,246,9,8
774,253,9,8
778,264,9,8
780,270,9,8
782,280,9,8
783,289,9,8
785,306,9,8
786,316,9,8
787,330,10,8
788,339,10,7
787,349,10,7
787,353,10,7
785,360,10,7
785,365,10,7
784,371,10,7
783,376,10,7
780,381,10,7
776,389,10,7
772,397,10,7
769,403,10,7
768,409,10,7
767,419,10,7
768,423,10,7
770,426,10,7
771,426,11,7
774,427,11,7
775,429,11,7
773,431,11,7
770,431,11,7
766,430,11,7
762,429,11,7
756,427,11,7
753,427,11,7
748,427,11,7
745,430,11,7
742,433,12,7
739,433,12,7
738,429,12,7
736,417,12,7
734,409,12,7
733,401,12,7
729,388,12,6
727,381,12,6
726,375,12,6
723,373,12,6
720,374,12,6
718,376,12,6
716,380,12,6
717,378,12,6
720,373,12,6
724,362,12,6
726,352,12,6
728,337,12,7
729,328,12,7
726,318,12,7
721,313,12,7
715,310,12,7
707,309,12,7
702,311,12,7
696,320,12,7
693,326,12,7
692,330,12,7
694,334,12,7
701,338,11,7
708,337,11,7
716,336,11,7
721,330,11,7
724,322,11,7
727,316,11,7
727,315,11,7
726,319,11,7
724,323,11,7
724,329,10,7
724,339,10,7
728,347,10,7
730,352,10,7
734,361,10,7
736,367,10,7
738,382,10,7
738,389,10,7
737,399,11,8
737,407,10,8
736,419,10,8
736,427,10,8
736,433,10,8
737,442,10,8
738,448,10,8
739,456,10,8
739,460,10,8
738,467,10,8
737,471,10,8
736,484,10,8
736,489,10,8
738,499,10,8
738,505,10,8
739,511,10,8
740,514,10,8
744,519,10,8
746,526,10,8
748,532,10,8
752,537,10,8
754,540,10,8
754,547,9,8
751,547,9,8
746,549,9,8
741,550,9,8
734,551,9,8
729,552,9,8
724,554,9,8
718,558,9,8
715,561,9,8
709,559,9,8
707,554,9,8
704,547,9,8
699,538,9,8
695,531,9,8
690,518,10,8
687,511,10,8
682,500,10,8
681,495,9,8
679,486,9,8
675,476,9,8
675,467,9,8
674,459,9,8
672,450,9,8
671,444,9,8
666,432,9,8
662,425,9,8
658,419,9,8
654,407,9,8
651,400,9,8
651,397,9,8
648,394,9,9
647,391,9,10
647,391,9,10
647,391,9,10
648,389,9,10
649,387,9,10
651,384,9,10
655,379,9,10
659,374,9,10
664,367,9,10
667,365,9,10
668,364,9,10
667,363,9,10
665,360,9,10
663,358,9,10
663,356,9,10
665,359,9,10
669,364,9,10
670,367,9,10
673,375,9,10
676,381,7,10
677,384,7,10
677,389,7,10
677,390,7,10
677,393,7,11
677,397,7,11
677,398,7,11
676,399,7,11
675,400,8,11
674,402,8,11
672,404,8,11
670,406,8,10
667,414,8,10
664,421,9,10
660,432,9,10
657,436,9,10
654,440,9,10
649,444,9,10
647,445,9,10
647,446,9,10
649,448,9,10
652,450,9,10
654,453,9,10
656,457,9,10
657,460,8,10
656,463,8,10
655,468,8,10
654,473,8,10
654,480,8,10
654,484,8,10
653,489,8,10
653,494,8,10
650,500,8,10
647,504,8,10
643,509,8,10
640,511,8,10
636,516,8,10
632,519,9,10
631,522,9,10
631,529,9,10
632,533,9,10
634,537,9,10
635,541,9,10
636,546,9,10
634,548,9,10
632,553,9,10
629,557,9,10
624,562,9,10
619,566,9,10
615,572,9,10
614,575,9,10
612,579,9,10
611,578,9,10
609,575,9,10
607,573,9,10
604,572,9,10
600,571,9,10
595,570,9,10
592,566,10,10
585,562,11,10
581,559,11,10
575,556,11,10
571,555,11,10
567,555,11,10
564,556,11,10
561,554,11,10
562,554,11,10
561,550,11,11
559,545,11,11
559,542,11,11
556,536,10,12
549,534,10,12
546,532,10,12
543,530,9,12
538,525,9,12
536,520,9,12
533,515,9,12
530,509,9,12
530,507,9,12
527,499,9,12
524,496,9,12
520,490,9,12
518,485,9,11
516,477,9,11
515,471,9,11
514,466,9,11
513,463,9,11
511,460,9,11
510,458,9,11
507,455,9,11
506,454,9,11
505,453,9,11
505,452,9,11
505,448,9,11
506,444,9,11
505,439,9,11
504,435,9,11
502,432,9,11
502,429,9,11
502,426,9,11
503,424,9,11
504,420,9,11
504,415,9,11
505,407,8,11
507,403,8,11
509,401,8,11
510,399,8,11
513,395,8,11
517,389,8,10
517,386,8,10
516,386,8,10
512,389,8,10
510,392,7,9
506,396,7,9
503,400,8,8
501,404,8,8
499,411,8,8
499,415,8,8
501,421,8,8
503,422,8,8
505,423,8,8
509,424,8,8
512,425,8,8
516,427,8,8
520,426,8,8
522,425,8,8
525,423,8,8
526,423,8,8
524,425,8,8
523,428,8,8
520,432,8,8
517,437,8,8
515,440,8,8
514,442,8,8
512,447,8,8
512,451,8,8
511,453,8,8
511,457,8,8
512,459,9,8
513,463,9,8
515,466,9,8
516,466,9,8
517,465,11,8
516,466,11,8
514,466,11,8
511,465,11,8
505,463,11,8
501,465,11,8
497,469,11,8
489,473,11,7
485,475,11,7
481,477,11,7
477,480,11,7
476,484,11,7
475,491,11,7
475,494,11,7
475,498,11,7
477,504,11,7
477,508,11,7
476,511,11,7
475,513,11,7
474,515,11,7
471,515,11,7
469,516,11,7
465,518,11,7
461,521,11,7
459,523,11,7
456,526,11,7
453,525,11,7
450,523,11,7
445,519,11,7
440,516,11,7
433,515,11,7
429,513,11,7
423,509,11,7
419,509,11,7
416,510,11,7
414,512,11,7
414,511,11,7
414,509,11,7
414,508,11,7
418,504,11,7
417,491,11,7
416,486,11,7
413,483,11,7
408,480,11,7
405,479,11,7
403,477,11,7
402,475,11,7
402,473,11,7
403,471,11,7
404,470,11,7
405,468,11,7
408,461,11,7
409,455,11,7
412,447,11,7
413,443,11,7
411,437,11,7
408,435,12,7
407,436,12,7
406,439,12,7
406,441,12,7
407,446,12,7
410,450,12,7
411,451,12,7
413,450,12,7
413,449,12,7
411,447,12,7
409,446,12,7
405,446,12,7
406,438,12,7
399,452,10,7
395,453,10,7
392,453,10,7
389,455,10,7
388,455,10,7
387,455,10,7
385,451,10,7
384,449,10,7
382,447,10,7
380,446,10,7
377,447,10,7
376,447,10,7
375,446,10,7
376,439,10,7
378,437,10,7
380,435,10,7
382,436,10,7
381,440,10,7
381,441,10,7
380,440,10,7
379,440,10,7
377,439,10,7
375,435,10,7
373,432,10,7
368,426,10,7
363,421,10,7
358,417,10,7
353,414,10,7
351,410,10,7
349,407,10,7
349,403,10,7
350,399,10,7
350,396,10,7
353,394,10,7
353,391,10,7
354,388,10,7
356,384,10,7
357,380,10,7
357,369,10,7
356,362,10,7
354,353,10,7
353,349,10,7
352,345,10,7
351,343,10,7
350,341,10,7
350,339,10,7
351,336,10,7
352,336,10,7
354,337,10,7
358,339,10,7
361,340,10,7
365,341,9,7
369,342,9,7
371,343,9,7
373,345,9,7
373,346,9,7
373,346,9,7
372,344,9,7
372,345,9,7
372,347,9,7
373,351,9,7
373,351,9,7
375,351,9,7
376,351,9,7
376,353,9,7
376,359,9,7
375,367,9,7
375,372,9,7
376,381,9,7
378,385,9,7
379,393,9,7
381,397,9,7
382,401,9,7
382,408,9,7
383,415,9,7
382,424,9,7
381,428,9,7
380,434,9,7
379,439,9,7
377,441,9,7
375,446,9,7
373,451,9,7
370,457,10,7
370,462,10,7
369,468,9,7
368,475,9,7
367,479,9,7
365,485,9,7
361,491,9,7
358,494,9,7
351,495,9,7
345,493,9,7
341,492,9,7
337,491,9,7
336,489,9,7
337,488,9,7
337,487,9,7
338,485,9,7
338,485,9,7
336,485,9,7
333,483,9,7
327,483,9,8
321,484,9,8
315,481,9,8
304,476,9,8
300,472,9,8
299,468,9,8
299,466,9,8
298,462,9,8
298,458,9,8
296,452,9,8
293,445,9,8
290,439,9,8
285,428,9,8
283,424,9,8
282,420,9,8
282,418,9,8
285,417,9,8
286,416,9,8
288,414,9,8
287,413,9,8
287,412,9,8
285,408,9,8
277,400,9,8
273,395,9,8
270,391,9,8
267,386,9,8
265,381,9,8
264,374,9,8
264,372,9,8
266,367,9,8
269,363,9,8
271,359,9,8
275,354,9,8
277,344,9,8
278,338,9,8
279,334,9,8
279,330,9,8
281,330,9,8
281,332,9,8
281,334,9,8
281,339,9,8
275,354,9,8
280,350,9,8
280,350,9,8
281,350,8,8
282,350,8,8
282,348,8,8
281,347,8,8
279,346,8,8
279,346,8,8
280,348,8,8
282,350,8,8
284,350,8,8
287,346,8,8
289,344,8,8
289,337,8,8
289,334,8,8
285,331,8,8
283,328,8,8
281,324,8,8
279,320,8,8
278,318,8,8
278,315,8,8
280,315,8,8
282,312,8,8
284,309,8,8
285,305,8,8
288,301,8,8
290,298,8,8
294,294,8,8
297,290,8,8
299,287,8,8
302,281,8,8
303,277,8,8
304,272,8,8
306,269,8,8
307,264,8,8
307,262,8,8
307,259,8,8
308,257,8,8
309,254,8,8
309,253,8,8
308,251,8,8
309,253,8,8
310,254,8,8
315,251,8,8
320,251,8,8
323,252,8,8
327,253,8,8
329,253,8,8
332,253,8,8
334,254,7,8
336,259,6,9
337,262,6,9
339,263,6,9
340,262,6,9
341,261,6,9
341,260,7,9
341,260,7,9
341,261,7,9
341,263,7,9
342,266,7,9
344,269,7,9
345,271,7,9
348,275,7,9
350,277,7,9
353,281,7,9
354,284,7,9
355,285,7,9
357,289,7,9
359,293,7,9
361,297,7,9
363,301,7,9
365,305,7,9
366,308,7,9
367,313,7,9
368,317,7,9
368,321,7,9
367,326,7,9
365,328,7,9
361,328,7,9
359,327,7,9
357,329,7,9
355,331,8,9
354,333,8,9
354,335,8,9
355,337,8,9
354,338,8,9
353,338,7,9
351,338,7,9
349,337,8,9
346,335,8,9
345,334,8,9
343,332,8,9
343,329,8,9
342,326,8,9
341,321,8,9
340,317,8,9
339,313,8,9
339,309,8,9
338,305,8,9
335,299,8,9
333,295,8,9
330,291,8,9
327,285,8,9
325,280,8,9
327,263,8,9
332,245,8,9
334,236,8,9
335,225,8,9
336,217,8,9
336,206,8,9
336,199,8,9
336,193,8,9
337,187,8,9
340,181,8,9
345,176,8,9
348,171,8,9
353,162,8,9
359,154,9,8
363,149,9,8
371,130,9,8
374,123,9,8
376,122,9,8
380,121,9,8
382,119,9,8
385,119,9,8
387,120,9,8
392,120,9,8
395,121,9,8
400,121,9,8
407,123,9,8
411,125,9,8
417,129,9,8
420,130,9,8
423,130,10,8
425,130,10,8
427,132,10,8
428,133,10,8
430,135,10,8
433,139,9,8
435,138,9,8
439,136,9,8
442,135,9,8
445,136,9,8
450,138,9,8
453,139,9,8
455,142,10,8
456,143,10,8
457,147,10,7
459,149,10,7
462,152,10,7
465,154,9,7
469,158,9,7
473,158,9,7
476,159,10,7
479,161,10,7
483,165,10,7
485,168,10,7
488,172,10,7
490,174,10,7
491,177,10,7
494,181,10,7
496,185,10,7
498,191,10,7
499,195,10,7
501,201,10,7
503,206,10,7
504,211,10,7
504,217,10,7
501,219,10,7
497,219,10,7
494,219,10,7
488,218,10,7
484,215,9,7
481,213,9,7
477,209,9,7
474,206,10,7
473,201,10,7
473,193,11,7
475,184,11,7
481,175,11,7
486,172,11,7
493,173,11,7
501,182,11,6
506,186,11,6
512,193,11,6
515,194,11,6
517,198,11,6
519,203,11,6
521,206,11,6
525,207,11,6
527,207,11,6
527,207,11,6
526,209,11,6
522,214,11,6
519,218,11,6
513,221,11,6
511,223,11,6
511,227,11,6
513,230,11,6
517,234,11,6
520,237,11,6
525,240,11,6
528,241,11,6
531,242,11,6
534,242,11,6
535,240,11,6
536,238,11,6
538,235,11,6
539,232,11,6
539,228,11,6
539,226,11,6
537,225,11,6
535,224,11,6
533,223,11,6
529,221,11,6
526,220,11,6
524,219,11,6
524,219,11,6
527,220,11,6
529,222,11,6
533,222,11,6
535,220,11,6
537,216,11,6
539,210,11,6
539,205,11,6
542,196,11,6
543,190,11,6
545,183,11,6
545,179,11,6
546,177,11,6
548,177,11,6
549,174,11,6
549,169,11,6
551,166,11,6
553,162,11,6
553,159,11,6
555,153,11,6
559,147,11,6
561,143,11,6
565,139,11,6
567,135,11,6
571,127,11,6
573,123,11,6
577,119,11,6
579,118,11,7
583,117,11,7
585,115,11,7
588,107,11,7
590,101,11,7
593,95,12,7
599,89,11,8
603,86,11,8
607,82,11,8
615,78,11,8
619,76,11,8
624,75,11,8
630,71,11,8
634,70,11,8
641,68,11,8
645,67,11,8
650,67,11,8
657,69,11,8
661,71,11,8
668,73,11,8
672,74,11,8
676,77,11,8
681,82,11,8
685,85,11,8
691,88,11,8
695,92,11,8
705,109,11,8
712,122,11,8
716,129,11,8
720,135,11,8
724,146,11,8
727,153,11,8
729,163,11,8
730,169,11,8
732,180,11,8
733,189,11,8
734,198,11,8
735,210,11,8
735,218,11,8
736,231,11,8
736,243,11,8
737,261,11,8
738,271,11,8
740,281,11,8
743,293,11,8
743,301,11,8
744,315,11,8
744,323,11,8
743,334,11,8
743,341,11,8
743,348,11,8
743,352,11,8
741,362,11,8
739,370,11,8
738,376,11,8
737,385,11,8
736,392,11,8
736,394,11,8
736,397,11,8
734,401,11,8
731,403,11,8
727,404,11,8
721,405,11,8
717,404,11,8
715,403,11,8
710,399,11,8
708,396,11,8
707,395,11,8
704,395,11,8
701,394,11,8
698,393,11,8
695,392,11,8
691,390,11,8
689,386,11,8
688,384,11,8
685,381,11,8
684,375,11,8
684,367,11,8
686,359,11,8
687,349,10,8
686,343,9,8
683,335,9,8
671,322,9,8
668,315,9,8
664,307,9,8
663,302,9,8
664,298,9,8
664,294,9,8
666,292,9,8
670,288,9,8
675,279,9,8
677,274,9,8
681,267,9,8
686,264,9,8
689,262,9,8
691,259,9,8
695,257,9,8
697,255,9,8
698,254,9,8
699,254,9,9
701,255,9,9
701,255,10,9
703,256,10,9
704,257,10,9
706,261,10,9
707,263,9,9
708,265,9,9
709,266,9,9
711,268,9,9
715,269,9,9
719,271,9,9
722,273,9,9
727,275,9,9
729,275,9,9
731,278,9,9
731,280,9,9
730,284,9,9
729,289,9,9
728,291,9,9
727,295,9,9
728,297,9,9
729,298,9,9
731,303,9,9
733,307,9,9
737,313,9,9
739,315,9,9
744,319,9,9
746,321,9,9
747,328,9,9
746,335,9,9
747,343,8,9
746,350,8,9
745,352,8,9
745,353,8,9
743,353,8,9
743,353,8,9
742,351,8,9
743,347,8,9
743,341,8,9
745,341,8,9
744,339,8,9
743,337,8,9
741,337,8,9
737,335,8,9
734,333,8,9
733,331,8,9
731,331,8,9
730,337,8,9
730,344,8,9
731,353,8,9
733,359,8,9
737,355,8,9
739,351,8,9
741,345,8,9
743,341,8,9
743,339,8,9
744,338,8,9
744,337,8,9
744,337,8,9
743,334,8,9
743,332,8,9
743,330,8,9
743,329,8,9
742,328,8,9
741,330,8,9
740,333,8,9
739,341,8,9
740,345,8,9
745,354,8,9
747,358,8,9
751,362,8,9
756,369,8,9
759,375,8,9
761,386,8,9
761,394,8,9
760,408,8,9
761,418,8,9
760,426,8,9
761,433,8,9
761,435,8,9
761,439,8,9
759,443,8,9
755,453,8,9
751,461,8,9
744,472,8,9
738,482,8,9
737,489,8,9
736,495,8,9
737,505,8,9
737,511,8,9
740,518,8,9
741,519,8,9
740,521,8,9
740,521,8,9
738,520,8,9
734,516,8,9
731,512,8,9
726,509,8,10
723,510,7,10
719,510,7,10
715,509,7,10
710,509,7,10
703,507,7,10
700,505,7,10
694,500,8,10
691,496,8,10
688,492,8,10
684,489,8,10
677,488,8,10
674,489,8,10
670,489,8,10
668,485,8,10
668,481,8,10
668,474,8,10
670,465,8,10
671,453,8,10
671,447,8,10
670,439,8,10
669,427,8,10
667,421,8,10
664,416,8,10
661,415,8,10
659,413,8,10
657,415,8,10
655,413,8,10
653,409,8,9
651,406,8,9
649,403,8,9
649,399,8,9
648,393,7,9
648,388,6,9
647,382,6,9
645,378,6,9
644,375,6,9
640,372,6,9
639,371,5,9
637,370,5,9
637,364,6,8
639,358,6,8
643,351,6,8
649,346,6,8
654,342,5,8
658,339,5,8
662,336,5,8
665,335,5,8
666,336,5,8
667,336,5,8
668,335,5,8
669,338,5,8
669,341,5,8
671,345,5,8
672,346,5,8
674,350,5,8
674,354,5,8
674,361,5,6
673,366,5,6
671,375,5,5
669,381,5,5
666,391,5,5
667,397,5,5
667,402,7,6
670,411,6,6
672,416,6,6
674,426,6,6
675,435,5,5
675,446,5,5
673,455,5,5
670,466,5,6
668,472,5,6
664,479,6,6
662,480,6,6
660,480,6,6
656,486,6,6
654,488,6,6
652,490,6,6
650,491,6,6
648,492,5,6
646,493,5,6
644,495,5,6
638,494,5,8
632,492,4,8
624,492,5,8
620,493,5,8
617,494,5,8
615,496,5,8
616,496,5,8
618,497,5,8
620,497,5,8
623,493,5,8
623,490,5,8
622,486,6,9
617,481,6,9
613,476,6,9
605,471,6,9
601,469,7,9
597,465,7,9
595,464,7,9
595,463,7,9
594,459,7,9
593,457,7,9
589,457,8,9
587,459,8,9
585,460,8,9
585,459,8,9
585,457,8,9
585,451,8,9
586,449,8,9
584,446,8,10
580,442,7,10
580,439,8,10
580,437,8,10
580,435,8,10
582,432,8,10
582,430,8,10
583,433,8,10
583,435,8,10
582,441,9,10
581,443,9,10
580,442,9,10
577,441,9,10
577,441,8,9
576,440,8,9
574,438,8,9
573,436,8,9
572,432,8,9
572,425,9,9
571,422,9,9
572,419,9,9
573,419,9,9
572,419,10,9
572,421,10,9
571,423,10,9
569,422,10,9
568,420,10,9
568,418,10,9
570,415,10,9
572,415,10,9
574,419,10,9
575,420,10,9
577,421,10,9
578,428,10,9
578,436,10,9
576,439,10,9
571,444,10,9
569,444,10,9
562,450,10,9
559,457,10,9
553,460,10,9
544,466,10,9
543,474,10,9
543,477,10,9
544,479,10,9
549,480,10,9
551,481,10,9
553,483,10,9
553,486,10,9
549,486,10,9
545,483,10,9
538,477,10,9
533,476,10,9
526,470,10,9
520,468,10,9
517,467,10,9
515,466,10,9
516,465,10,9
518,463,10,9
519,463,10,9
521,465,10,9
522,465,10,9
521,466,10,9
519,468,10,9
517,471,10,9
513,471,10,9
512,471,10,9
510,472,10,9
507,472,10,9
503,473,10,9
502,471,10,9
500,469,10,9
500,471,10,9
500,474,10,9
502,473,10,9
502,471,10,9
502,471,10,9
499,471,10,9
496,471,10,9
491,470,9,9
487,471,9,9
483,473,9,9
478,476,9,9
475,480,9,9
474,482,9,9
475,478,9,9
478,470,9,9
478,457,9,9
478,451,9,9
476,446,9,9
472,441,9,9
468,435,9,9
466,430,9,9
461,423,8,9
457,422,8,9
456,425,8,9
457,429,8,9
459,427,8,9
463,423,8,9
463,421,8,9
460,418,8,9
456,417,8,9
451,417,8,9
442,418,8,9
437,421,8,9
431,422,8,9
429,422,8,9
429,420,8,9
432,419,8,9
436,421,8,10
438,421,8,10
441,422,8,10
443,422,8,10
443,420,8,10
440,417,8,10
438,412,8,10
436,407,8,10
435,404,8,10
433,406,8,10
432,408,8,10
432,411,8,10
431,414,8,10
431,419,8,10
430,419,8,10
431,420,8,10
432,424,8,10
433,427,8,10
432,431,8,10
431,435,8,10
429,437,8,10
429,440,8,10
429,442,8,10
431,448,8,10
432,451,8,10
434,457,8,10
435,462,8,10
436,469,8,10
436,472,8,10
438,478,8,10
438,481,8,10
438,486,8,10
436,489,8,10
436,491,8,10
436,496,8,10
436,498,8,10
436,500,8,10
435,500,8,10
435,500,8,10
435,503,8,10
435,500,8,10
433,494,8,10
432,490,8,10
430,484,8,10
427,481,8,10
422,481,8,10
421,483,8,10
420,487,8,10
421,487,8,10
422,487,8,10
419,488,8,10
415,490,8,10
407,496,8,10
402,501,8,10
395,507,8,10
391,511,8,10
391,511,8,10
393,511,8,10
395,509,8,10
397,508,8,10
398,506,8,10
398,500,8,9
397,498,8,9
391,494,8,9
387,490,8,9
378,483,8,9
372,479,8,9
365,481,7,9
363,481,7,9
360,481,7,9
359,481,7,9
358,479,7,9
357,473,7,9
357,463,7,9
355,457,7,9
352,449,7,9
349,443,7,9
345,433,7,9
341,425,7,9
335,416,7,9
333,411,7,9
329,406,7,9
329,402,7,9
330,398,7,9
333,392,7,9
337,387,7,9
339,385,7,9
340,380,7,9
339,375,7,9
338,374,7,9
337,376,7,9
337,374,7,9
339,365,7,9
341,353,7,9
341,345,7,9
339,338,7,9
339,336,7,9
339,337,7,9
342,337,7,9
345,335,7,9
351,331,7,9
355,327,7,9
361,325,7,9
365,324,7,9
367,324,7,9
369,326,7,9
369,328,7,9
369,332,7,9
368,335,7,9
367,340,7,9
367,344,7,9
367,352,7,9
367,357,7,9
365,363,7,9
365,370,7,9
363,377,7,9
364,384,7,9
365,389,7,9
367,395,7,9
369,403,7,9
371,409,7,9
371,413,7,9
372,417,7,9
370,424,7,9
369,427,7,9
365,431,7,9
362,433,7,9
360,437,7,9
358,447,7,9
357,453,7,9
359,462,7,9
359,469,7,9
357,477,7,9
354,479,7,9
351,477,7,9
345,475,7,9
341,474,7,9
335,476,7,9
331,478,7,9
327,480,7,9
325,478,7,9
321,475,7,9
317,473,7,9
315,473,7,9
311,471,7,9
309,469,7,9
306,468,7,9
304,467,7,9
302,466,7,9
299,464,7,9
297,461,7,9
294,457,7,9
291,453,7,9
291,449,7,9
289,445,7,9
289,435,7,9
287,426,7,9
285,421,7,9
284,417,7,9
281,413,7,9
280,409,7,9
278,406,7,9
277,405,7,9
275,403,7,9
274,399,7,9
274,398,7,9
273,395,7,9
271,389,7,9
270,386,7,9
271,386,7,9
271,384,7,9
272,383,7,9
271,381,7,9
270,380,7,9
269,375,7,9
268,370,7,9
267,363,7,9
266,359,7,9
266,353,7,9
267,351,7,9
267,347,8,9
268,345,8,9
268,341,8,9
269,337,8,9
271,335,8,9
273,331,8,9
275,328,8,9
276,324,8,9
278,320,8,9
280,318,8,9
282,318,8,9
283,320,8,9
286,320,8,9
288,319,8,9
291,318,8,9
292,317,8,9
293,315,8,9
293,316,8,9
293,316,8,9
292,318,8,9
292,321,8,9
291,323,8,9
292,326,8,9
292,329,8,9
293,333,8,9
293,335,8,9
293,335,8,9
292,333,8,9
292,331,8,9
292,328,8,9
293,326,8,9
295,326,8,9
295,328,8,9
295,331,8,9
296,335,8,9
296,337,8,9
295,337,8,9
295,337,8,9
295,337,8,9
295,337,8,9
295,334,8,9
295,331,8,9
297,327,8,9
297,320,8,9
298,313,8,9
297,309,8,9
295,306,8,9
293,305,8,9
290,305,8,9
287,305,9,9
286,304,9,9
283,303,9,9
282,303,9,9
281,302,9,9
282,303,9,9
284,302,9,9
287,301,9,9
289,299,9,9
292,295,9,9
294,290,9,9
296,285,9,9
297,281,9,9
299,277,9,9
301,275,9,9
301,276,9,9
302,276,8,9
301,275,10,9
301,271,10,9
302,269,10,9
303,267,10,9
305,267,10,9
306,267,10,9
308,266,10,9
313,266,10,9
316,266,10,9
321,266,10,9
327,265,9,9
329,265,9,9
330,267,9,9
331,270,9,9
330,276,9,9
330,279,8,8
328,280,9,8
326,282,9,8
324,286,9,8
324,288,9,8
325,290,9,8
326,295,9,8
328,296,9,8
331,298,9,8
333,299,9,8
335,302,9,8
335,304,9,8
335,307,9,8
333,309,9,8
332,310,9,8
331,311,9,8
331,310,9,8
332,309,9,8
332,308,9,8
332,305,9,8
333,301,9,8
333,299,9,8
333,296,9,8
331,295,9,8
331,294,9,8
330,289,9,8
329,287,9,8
329,284,9,8
329,283,9,8
329,280,9,8
328,277,9,8
325,273,9,8
323,269,9,8
321,265,9,8
319,261,9,7
318,256,9,7
317,251,9,8
317,244,9,8
319,239,9,8
322,230,9,8
325,223,9,8
329,215,9,8
332,205,9,8
335,193,9,8
337,188,9,8
337,184,9,8
339,180,9,8
338,177,9,8
338,174,9,8
339,172,9,8
340,167,9,8
342,162,9,8
346,155,10,8
351,150,10,8
357,140,10,8
361,137,10,8
364,136,10,8
367,134,10,8
370,130,10,8
372,129,10,8
375,125,10,8
378,124,10,8
382,124,10,8
386,122,10,8
389,120,10,8
393,118,10,8
397,117,10,8
401,117,10,8
407,117,10,8
411,117,10,8
417,119,10,8
423,120,10,8
427,121,10,8
432,123,10,7
435,126,10,7
440,128,10,7
443,130,10,7
449,133,10,7
453,133,10,7
457,134,10,7
460,135,10,7
461,136,10,7
461,140,10,7
461,143,10,7
461,148,10,7
462,151,10,7
463,155,10,7
466,159,10,7
469,160,10,7
474,165,10,7
478,169,10,7
482,174,10,7
486,181,10,7
488,185,10,7
489,194,10,7
489,199,10,7
488,204,10,7
490,206,10,7
491,207,10,7
494,209,10,7
498,210,10,7
501,210,10,7
503,211,10,7
504,213,10,7
504,213,10,7
504,213,10,7
505,216,10,7
505,218,10,7
505,221,10,7
507,224,10,7
507,225,10,7
509,228,10,7
509,230,10,7
509,230,10,7
510,229,10,7
510,229,10,7
509,229,10,7
508,229,10,7
507,230,10,7
506,231,10,7
506,233,10,7
508,233,10,7
508,232,10,7
509,231,10,7
509,229,10,7
507,225,10,7
507,221,10,7
506,215,10,7
506,205,10,7
506,201,10,7
507,197,10,7
509,195,10,7
512,193,10,7
514,191,10,7
516,185,10,7
518,181,10,7
520,177,10,7
521,173,10,7
522,171,10,7
521,166,10,7
521,159,10,7
521,155,10,7
522,149,10,7
522,147,10,7
524,145,10,7
528,143,10,7
531,143,10,7
535,141,10,7
540,139,10,7
546,137,10,7
550,138,10,7
556,137,10,7
560,137,10,7
564,137,10,7
568,138,10,7
572,138,10,7
575,137,10,7
578,137,10,7
579,137,10,7
580,133,10,7
584,125,10,7
586,122,10,7
590,121,10,7
593,120,10,7
596,118,10,7
601,118,10,7
602,119,10,7
603,120,9,7
602,124,9,7
602,126,9,7
603,129,9,7
605,131,9,7
608,132,9,7
614,135,9,7
617,137,9,7
624,144,9,7
627,150,9,7
631,154,9,7
636,158,9,7
639,159,9,7
644,161,9,7
647,162,9,7
651,164,9,7
654,165,9,7
657,166,9,8
658,167,9,8
659,168,9,8
660,168,9,8
661,169,9,8
664,171,9,8
667,174,9,8
671,176,9,8
675,178,9,8
679,180,9,8
684,182,9,8
687,184,9,8
689,186,9,8
689,186,9,8
689,187,9,8
667,174,9,8
690,189,9,8
691,192,9,8
693,196,9,8
695,196,9,8
701,192,9,8
705,187,9,8
711,182,9,8
718,174,9,8
722,170,9,8
729,166,9,8
733,166,9,8
737,166,9,8
743,168,9,8
745,171,9,8
751,178,9,8
755,181,9,8
760,186,8,8
764,190,8,8
769,195,8,8
772,201,8,8
775,215,8,8
776,230,8,8
777,239,7,8
775,251,8,8
773,261,8,8
770,273,8,8
768,280,8,8
766,291,8,8
767,302,8,8
767,319,8,8
769,331,8,8
770,338,8,8
772,346,8,8
775,357,8,8
778,363,8,8
780,369,8,8
784,376,8,8
784,379,8,9
784,383,8,9
782,385,8,9
778,387,8,9
774,387,8,9
768,389,8,9
762,389,8,9
754,387,8,9
749,389,7,9
739,391,7,9
733,395,7,9
729,399,7,9
725,405,7,9
725,405,7,9
727,403,7,9
729,399,7,9
731,393,7,9
730,388,7,9
727,379,7,9
723,369,7,9
721,361,7,9
719,354,7,9
716,345,7,9
715,337,7,9
711,325,8,9
709,314,8,9
707,309,8,9
706,307,8,9
704,305,8,9
702,303,8,9
700,301,8,9
699,297,8,9
702,291,8,9
704,287,8,9
706,282,8,9
709,276,8,9
712,271,8,9
715,268,8,9
717,264,8,9
717,263,8,9
717,262,8,9
717,261,8,9
717,260,8,9
718,258,8,9
720,257,8,9
726,254,8,8
733,253,9,7
735,253,9,7
739,259,9,7
740,265,9,7
743,270,9,7
744,275,9,7
747,283,9,7
749,287,9,7
752,295,9,7
755,304,9,7
758,309,9,7
762,319,9,7
764,325,9,7
767,333,9,7
769,347,9,7
770,357,9,7
770,367,10,7
768,383,10,7
767,392,10,7
765,405,10,7
763,415,10,7
762,429,10,7
761,441,10,7
761,447,10,7
762,452,11,7
762,459,11,7
762,463,11,7
761,466,11,7
756,469,11,7
752,474,10,7
749,478,10,7
746,480,10,7
743,484,10,7
740,486,10,7
738,489,10,7
736,490,10,7
733,489,10,7
731,488,10,7
729,486,10,7
726,483,10,7
724,482,10,7
720,478,10,7
717,475,10,7
713,472,10,7
709,470,10,7
707,469,10,7
703,465,10,7
701,463,10,7
698,461,10,7
696,459,10,7
695,457,10,7
693,455,10,7
692,453,10,7
687,443,10,7
685,440,10,7
681,434,10,7
679,432,10,7
677,429,10,7
674,427,10,7
672,425,10,7
670,424,10,7
669,421,10,7
670,416,10,7
670,412,10,7
671,409,10,7
671,407,10,7
671,405,10,7
673,401,10,7
673,399,10,7
673,395,9,7
671,387,8,8
670,385,8,8
667,381,8,8
666,378,8,8
666,378,8,8
667,379,8,8
670,382,8,8
671,383,9,9
672,385,9,9
674,387,8,8
674,391,8,8
671,394,8,8
671,397,8,8
671,400,8,8
670,404,8,8
670,410,8,8
670,414,8,8
672,418,8,8
674,423,8,8
674,427,8,8
675,432,8,8
675,439,8,8
675,444,8,8
675,448,8,8
674,451,8,9
672,454,8,9
669,457,8,9
668,458,8,9
665,460,8,9
663,460,8,9
663,462,8,9
663,464,8,9
663,465,8,9
663,465,8,9
665,467,8,9
664,466,8,9
663,466,8,9
662,467,8,9
660,468,8,9
657,468,8,9
653,468,8,9
651,467,8,9
648,466,8,9
644,466,8,9
643,465,8,9
640,465,8,9
638,465,8,9
637,463,8,9
636,460,8,9
634,454,8,8
634,450,8,8
633,447,8,8
634,443,8,8
634,443,8,8
633,442,8,8
632,441,8,8
632,441,8,8
631,447,9,8
631,449,9,8
632,449,9,8
633,447,9,8
635,445,9,8
636,444,9,8
635,443,9,8
632,438,9,8
629,434,9,8
623,430,9,8
620,430,9,8
613,428,9,8
610,426,9,8
606,424,9,8
602,423,9,8
601,415,9,8
601,401,9,8
602,398,9,8
607,403,9,8
613,408,9,8
625,412,9,8
633,414,9,8
641,415,9,8
648,415,9,8
651,415,9,8
649,415,9,8
643,415,8,8
638,416,8,8
633,419,8,8
627,418,8,8
624,417,8,8
621,419,8,8
620,423,8,8
619,427,8,8
617,438,9,7
616,449,9,7
615,456,9,7
615,461,9,7
615,468,9,7
615,474,9,7
615,483,9,7
615,490,9,7
617,496,9,7
620,498,9,7
622,497,9,7
623,494,9,7
622,494,9,7
618,499,9,7
614,504,9,7
608,512,9,7
603,515,9,7
598,515,9,7
594,515,9,7
592,515,9,7
590,515,9,7
589,514,9,7
588,512,9,7
584,513,9,7
582,513,9,7
579,514,9,7
575,514,9,7
572,511,9,7
572,507,9,7
574,502,9,7
578,495,9,7
581,493,9,7
583,493,9,7
582,494,9,7
578,498,9,7
574,502,9,7
569,500,9,7
563,493,9,7
560,489,9,7
556,482,9,7
554,481,9,7
553,480,9,7
554,479,9,7
554,479,9,7
553,480,9,7
549,482,10,7
547,482,10,7
544,485,10,7
543,485,10,7
543,484,10,8
542,483,10,8
542,482,10,8
542,477,10,8
544,473,10,8
545,472,10,8
547,471,10,8
546,466,10,8
547,462,10,8
547,455,10,8
547,451,10,8
547,446,10,8
547,440,10,8
547,438,10,8
547,435,10,8
548,436,10,8
547,438,10,8
546,439,10,8
545,442,10,8
543,443,10,8
541,442,10,8
540,440,10,8
538,440,10,8
538,437,10,8
538,432,10,8
539,428,10,8
538,424,10,8
538,422,10,8
536,421,10,8
535,422,10,8
534,423,10,8
531,421,11,8
529,419,11,8
527,415,11,8
526,415,11,8
527,416,11,8
530,416,11,8
532,414,11,8
534,413,11,8
535,416,11,8
536,419,11,8
539,418,11,8
542,415,11,8
544,413,11,8
546,408,11,8
549,402,11,8
548,400,11,8
546,392,11,8
545,388,11,8
543,384,11,8
539,383,11,8
536,385,11,8
533,390,11,8
531,395,11,8
532,404,11,8
532,407,11,8
532,410,11,8
533,414,11,8
534,419,11,8
535,421,11,8
534,427,11,8
534,433,11,8
534,435,11,8
534,438,11,8
534,442,11,8
534,445,11,8
534,445,11,8
534,449,11,8
536,457,11,8
538,463,11,8
542,469,11,8
545,473,11,8
547,478,11,8
548,481,11,8
547,482,11,8
543,483,11,8
539,485,11,8
534,489,11,8
529,492,11,8
523,495,11,8
519,493,11,8
514,491,11,8
511,489,11,8
509,486,11,8
507,484,11,8
504,482,11,8
503,481,11,8
501,479,11,8
500,478,11,8
499,477,11,8
498,476,11,8
497,477,11,8
496,473,11,8
496,470,11,8
497,468,11,8
497,466,11,8
497,465,11,8
496,459,11,8
495,455,11,8
492,450,11,8
490,446,11,8
484,439,11,8
480,433,11,8
475,425,11,8
469,424,11,8
460,424,11,8
454,424,11,8
448,428,11,8
446,431,11,8
447,433,11,8
450,434,11,8
454,431,11,8
458,428,11,8
463,420,11,8
465,413,11,8
468,409,11,8
472,408,11,8
475,408,11,8
477,407,11,8
479,405,11,8
481,405,11,8
481,405,11,8
480,407,11,8
479,407,11,8
477,409,11,8
474,412,11,8
472,416,11,8
470,419,11,8
468,421,11,8
466,424,11,8
466,426,11,8
466,428,11,8
467,432,11,8
468,435,11,8
470,439,11,8
471,439,11,8
473,441,11,8
474,441,11,8
474,438,11,8
472,435,11,8
465,439,11,8
462,441,11,8
460,442,11,8
457,441,11,8
455,437,11,8
457,436,11,8
460,437,11,8
464,439,11,8
470,442,11,8
474,445,11,8
480,449,11,8
481,452,11,8
481,457,11,8
481,459,11,7
479,459,11,7
473,461,11,7
467,463,11,7
458,467,11,7
454,471,11,7
451,475,11,7
447,483,11,7
447,488,11,7
447,492,11,7
446,496,11,7
445,500,11,7
442,503,11,7
439,505,11,7
435,507,11,7
431,508,11,7
425,505,11,7
420,501,11,7
418,498,11,7
416,495,11,7
415,492,11,7
414,494,11,7
412,497,11,7
410,497,11,7
408,498,11,7
403,497,11,7
400,495,11,7
395,491,11,7
393,490,11,7
392,493,11,7
389,495,11,7
386,492,11,7
379,486,11,7
374,480,11,7
368,471,11,7
366,466,11,7
364,461,11,7
362,457,11,7
359,454,11,7
358,451,11,7
357,448,11,7
358,444,10,7
356,436,10,7
356,432,10,7
356,428,10,7
357,421,10,7
358,417,10,7
357,410,10,7
356,403,10,7
354,399,10,7
352,395,10,7
354,389,10,7
356,387,10,7
358,383,10,7
365,373,10,7
368,365,10,7
369,358,10,7
370,351,10,7
370,339,10,7
370,333,10,7
369,328,10,7
370,325,10,7
371,322,10,7
375,319,10,7
377,320,10,7
384,325,10,7
388,329,10,7
392,333,10,7
394,336,10,7
395,342,10,7
396,346,10,7
398,353,10,7
400,358,10,7
402,363,10,7
406,370,10,7
409,374,10,7
411,377,10,7
412,380,10,7
412,384,10,7
409,392,10,7
408,399,10,7
406,405,10,7
402,411,10,7
402,417,10,7
400,425,10,7
400,430,10,7
400,436,10,7
400,441,10,7
400,448,10,7
401,450,10,7
399,450,10,7
397,453,10,7
395,458,10,7
392,463,10,7
385,468,10,7
380,469,10,7
374,468,10,7
369,470,10,7
364,477,10,7
364,480,10,7
368,484,10,7
369,483,10,7
373,475,10,7
373,471,10,7
369,467,10,7
363,462,10,7
358,457,10,7
354,454,10,7
348,453,9,7
345,453,9,7
342,454,9,7
339,457,9,7
337,460,9,7
335,465,9,7
335,473,9,7
336,477,9,7
337,479,9,7
336,479,9,7
334,479,9,7
330,479,9,8
326,475,9,8
323,471,9,8
317,465,9,8
312,463,9,8
307,458,9,8
304,451,9,8
303,447,9,8
303,441,9,8
305,437,9,8
307,430,9,8
308,426,9,8
309,416,9,8
310,409,8,8
311,403,8,8
313,393,7,8
314,387,7,8
315,376,8,8
317,369,8,8
318,361,8,8
317,358,8,8
315,353,8,8
312,351,8,8
309,347,8,8
308,346,8,8
306,345,8,8
304,343,8,8
305,343,8,8
304,342,8,8
305,342,8,8
307,338,8,8
309,335,8,8
313,333,8,8
317,333,8,8
320,330,8,8
321,328,8,8
321,326,8,8
320,324,8,8
319,322,8,8
317,319,8,8
317,316,8,8
318,315,8,8
320,316,8,8
325,324,8,8
328,328,8,8
330,330,8,8
334,335,8,8
336,337,8,8
338,342,8,8
339,345,8,9
339,348,8,9
338,349,8,9
337,353,8,9
335,359,8,9
334,363,8,9
333,369,8,9
332,373,8,9
331,381,8,9
330,385,8,9
328,390,8,9
326,393,8,9
324,396,8,9
322,405,8,9
322,407,8,9
325,410,7,9
326,413,7,9
326,414,7,9
324,411,7,9
321,409,7,9
314,403,7,9
307,403,7,9
303,407,7,9
299,411,7,9
293,417,8,9
290,419,8,9
289,413,8,9
289,406,8,9
288,397,8,9
288,390,8,9
287,377,8,9
285,365,8,9
284,348,8,9
284,335,8,9
285,314,8,9
285,299,8,9
285,285,8,9
286,281,8,9
287,276,8,9
287,273,8,9
288,265,8,9
288,261,8,9
288,258,8,9
289,254,8,9
291,243,8,9
292,228,8,9
293,224,9,9
296,223,9,9
303,220,9,9
308,219,9,9
316,215,9,9
321,207,9,9
329,200,9,9
334,200,9,9
337,206,9,8
338,216,9,8
337,224,9,8
336,230,9,8
335,231,9,8
335,233,9,8
335,236,9,8
336,242,9,8
337,244,9,8
338,245,9,8
339,247,9,8
344,254,9,8
348,259,9,8
354,266,9,8
358,270,9,8
361,278,9,8
362,282,9,8
361,290,9,8
360,297,9,8
359,306,10,8
359,310,10,8
359,314,10,8
360,314,10,8
360,311,10,8
360,315,10,8
359,323,10,8
359,328,10,8
359,335,10,8
359,339,10,8
358,342,10,8
356,338,10,8
355,333,9,8
352,331,9,8
350,329,9,8
349,328,9,8
348,330,10,8
349,332,10,8
351,335,10,8
353,336,10,8
355,337,10,8
356,338,10,8
355,337,10,8
353,332,10,8
352,322,10,8
351,317,10,8
351,310,10,8
349,307,10,8
347,299,10,8
346,294,10,8
344,289,10,8
343,283,10,8
343,279,10,8
342,272,10,8
342,265,10,8
341,258,9,8
339,255,10,8
338,250,10,8
337,248,10,8
336,244,10,8
336,241,10,7
338,229,10,7
341,220,10,7
345,215,10,7
349,212,9,7
353,209,9,7
353,207,9,7
352,201,9,7
350,197,9,7
349,194,9,7
346,190,9,7
344,187,9,7
347,180,9,7
348,174,9,7
353,172,9,7
359,172,9,7
362,170,9,7
367,167,9,8
368,165,9,8
369,167,9,8
369,168,9,8
370,167,9,8
370,163,9,8
370,156,9,8
371,146,9,8
373,141,9,8
376,135,9,8
379,130,9,8
383,123,9,8
389,115,9,7
393,108,9,7
403,92,9,7
409,85,9,8
412,82,8,8
416,80,8,8
418,78,8,8
422,72,8,8
425,67,8,8
430,59,8,8
434,56,8,8
438,56,8,8
445,61,8,7
449,65,8,7
454,69,8,7
461,72,8,7
468,74,8,7
473,75,7,7
480,74,7,7
484,76,7,7
491,83,7,7
496,88,7,7
503,96,7,7
506,101,7,7
509,104,8,8
511,110,8,8
513,113,8,8
514,118,8,8
516,122,8,8
521,136,8,8
525,139,8,8
537,166,8,8
538,175,8,8
540,182,7,7
541,189,7,7
543,193,7,7
544,196,7,7
550,216,7,7
553,222,8,8
558,228,8,8
561,232,8,8
564,239,8,8
563,248,8,8
559,263,8,8
555,271,8,8
547,278,8,8
542,282,8,8
538,287,8,8
536,290,8,8
535,292,8,8
538,294,8,8
540,296,8,8
539,298,8,8
537,297,8,8
534,296,8,8
528,295,10,7
525,293,10,7
518,292,10,7
515,291,9,7
511,291,9,7
509,287,9,7
508,284,9,7
508,282,9,7
507,279,9,7
508,275,9,8
509,270,9,8
509,265,9,8
509,257,9,8
508,252,9,8
507,246,9,8
507,237,9,8
506,228,9,8
505,223,9,8
507,214,9,8
507,209,9,8
509,202,9,8
511,198,9,8
514,191,9,8
516,188,9,8
519,186,9,8
521,184,9,8
529,174,9,8
531,170,9,8
537,162,9,8
540,156,8,8
545,147,8,8
548,140,8,8
550,134,8,8
553,124,8,8
555,120,8,8
558,117,8,8
560,112,8,8
564,109,8,8
565,108,8,8
567,108,9,8
570,108,9,8
573,107,9,8
577,106,9,8
580,104,9,8
585,99,9,8
588,96,9,8
594,91,9,8
597,89,9,8
602,88,9,8
607,89,9,8
611,92,9,8
622,94,9,8
631,95,9,8
645,94,9,8
654,93,9,8
663,93,9,8
673,90,9,8
677,89,9,8
681,90,9,8
683,89,9,8
681,89,9,8
681,93,9,8
680,97,9,8
679,99,10,7
679,107,10,7
681,113,10,7
684,127,10,7
687,137,10,7
693,153,10,7
699,165,10,7
704,175,10,7
714,185,10,7
721,191,10,7
728,196,10,7
737,198,10,7
742,201,10,7
746,208,10,7
746,213,10,7
745,225,10,7
742,235,10,7
741,245,10,7
738,263,10,7
737,273,10,7
737,288,10,7
738,297,10,7
739,313,10,7
740,321,10,7
741,331,10,7
742,337,10,7
742,348,10,7
741,356,10,7
737,365,10,7
736,371,10,7
731,378,10,7
727,384,10,7
725,388,10,7
720,391,10,7
715,395,10,7
712,399,10,7
704,404,10,7
699,407,10,7
694,408,10,7
691,406,10,7
690,405,10,7
689,405,10,7
690,401,11,7
689,398,11,7
687,393,11,7
685,391,11,7
682,390,11,7
676,385,11,7
673,381,11,7
668,366,12,7
670,355,12,7
671,352,12,7
673,348,12,7
672,345,12,7
671,344,12,7
669,344,12,7
665,345,12,7
662,346,12,7
660,345,12,7
659,342,12,7
659,336,12,7
660,332,12,7
662,327,12,7
667,324,12,7
671,323,12,7
675,323,12,7
680,317,12,7
683,313,12,7
685,309,12,7
685,305,12,7
684,306,12,7
682,305,12,7
680,303,12,7
679,303,12,7
677,303,12,7
676,303,12,7
676,303,12,7
675,303,12,7
676,300,12,7
677,297,11,7
677,297,11,7
677,296,11,7
676,295,11,7
674,294,11,7
673,293,10,7
670,293,10,7
669,293,9,7
669,294,9,7
669,294,9,7
670,293,10,7
673,293,10,7
675,293,10,7
680,295,10,7
682,296,10,7
683,297,10,7
684,299,10,7
685,297,10,7
685,296,10,8
685,295,9,9
684,297,9,9
682,301,9,9
680,300,9,9
679,295,9,9
679,294,9,9
678,298,9,9
678,303,9,9
679,309,9,9
681,311,9,9
686,313,9,9
689,313,9,9
694,312,9,9
696,310,9,9
699,308,9,9
703,307,9,9
703,309,9,9
701,310,9,9
700,311,9,9
695,313,9,9
687,313,9,9
689,314,9,9
687,314,9,9
687,315,8,10
687,317,8,10
689,319,8,10
693,320,8,10
696,321,8,10
700,321,8,10
703,325,8,10
705,329,8,10
707,342,8,10
707,346,8,10
707,350,8,10
707,353,9,9
706,354,9,9
704,355,10,9
703,360,10,9
703,362,10,9
703,366,10,9
702,370,10,9
700,377,10,9
699,381,9,9
698,389,9,9
698,394,9,9
697,399,9,9
697,407,9,9
698,411,9,9
700,415,9,9
701,417,9,9
703,420,9,9
703,425,9,9
703,429,9,9
703,434,9,9
702,439,9,9
702,441,9,9
700,443,9,9
700,443,9,9
697,444,9,9
693,447,9,9
688,452,9,9
685,455,9,9
681,459,9,9
678,460,9,10
676,462,9,10
675,464,9,10
674,464,9,10
673,463,9,10
671,461,9,10
668,458,9,10
665,457,10,10
662,453,10,10
661,449,9,10
660,446,9,10
659,443,9,10
656,442,9,10
653,441,9,10
651,439,9,10
648,434,9,10
646,430,9,10
643,428,9,10
639,425,9,10
637,423,9,10
635,420,9,10
634,419,9,10
634,418,9,10
635,415,9,10
637,407,9,10
638,402,9,10
639,401,9,10
640,399,9,10
641,396,9,10
643,392,9,10
644,389,9,10
644,387,9,9
644,385,9,9
643,383,9,9
642,381,9,9
639,372,9,9
637,367,9,9
637,362,9,9
639,359,9,9
644,355,9,9
648,351,9,9
653,348,9,9
655,347,9,8
656,351,10,7
658,351,10,7
658,349,10,7
659,351,10,7
660,355,10,7
660,364,10,7
660,370,10,7
658,377,10,7
656,380,10,7
654,384,10,7
652,391,10,7
651,395,10,7
651,401,10,7
652,408,9,7
653,413,9,7
653,419,9,6
653,426,10,6
652,430,10,6
650,433,10,6
647,439,10,6
644,443,10,6
640,446,10,6
633,450,10,6
630,452,10,6
630,454,10,6
631,456,10,6
634,457,10,6
638,460,9,5
640,462,9,5
642,463,9,5
642,460,9,5
641,456,9,5
638,455,9,5
637,456,11,5
639,454,11,5
646,444,11,5
648,435,11,5
645,419,10,5
641,411,10,6
635,406,10,6
630,409,10,6
623,412,10,8
614,408,10,8
607,407,10,8
599,406,10,8
590,409,10,8
586,411,9,8
585,411,9,8
586,409,9,8
589,408,9,8
597,405,9,8
605,403,9,8
618,399,9,8
625,396,9,8
633,394,9,8
635,394,9,8
634,393,9,8
629,389,10,8
622,388,10,8
609,393,10,8
602,403,10,8
590,418,10,8
583,425,10,8
578,429,10,8
577,431,10,8
577,436,10,8
581,440,10,8
584,438,10,8
589,435,10,8
591,434,10,8
594,433,10,8
594,431,10,8
594,429,10,8
593,426,10,8
592,422,10,9
592,421,10,9
592,424,10,9
595,423,10,9
600,421,10,9
602,420,10,9
604,417,10,9
603,420,10,9
601,425,10,9
600,430,10,9
599,431,10,9
599,434,10,9
600,434,9,9
602,430,9,9
603,432,9,9
603,432,9,9
602,431,9,9
599,431,9,9
598,430,9,9
596,430,9,9
591,433,10,9
588,434,10,9
588,435,11,9
588,435,11,9
589,439,11,9
590,441,11,9
592,444,11,9
589,446,11,9
585,447,11,9
578,451,11,9
574,453,11,9
569,451,10,10
565,452,10,10
563,455,10,10
563,455,10,10
563,451,10,10
562,447,10,10
560,446,10,10
554,448,10,10
549,449,10,10
542,453,10,10
537,457,10,10
533,459,10,10
532,457,10,10
531,454,10,10
530,451,10,10
527,447,10,10
524,442,10,11
520,440,9,11
515,438,9,11
508,433,9,11
504,433,9,11
501,429,9,11
497,428,9,11
494,428,9,11
492,427,9,11
492,426,9,11
491,425,9,11
490,426,9,11
487,427,9,11
485,427,9,11
483,427,9,11
481,428,9,11
479,431,9,11
477,433,9,11
477,435,9,11
478,438,9,11
478,440,9,11
477,441,9,11
477,440,9,11
476,442,9,11
475,444,9,11
473,448,9,11
468,453,9,11
462,460,9,11
457,464,9,11
447,470,8,11
440,472,9,11
429,470,9,11
423,470,9,11
418,473,9,10
416,473,9,10
415,472,9,10
415,474,9,10
417,481,8,10
418,484,8,10
421,485,8,10
423,487,8,10
425,491,8,10
425,492,8,10
425,493,8,10
423,492,8,10
421,494,8,10
418,497,8,10
416,498,8,10
412,502,8,10
411,506,8,10
409,516,8,10
409,521,8,10
407,528,8,10
407,536,7,10
407,540,7,10
407,541,7,10
409,539,7,10
410,537,7,10
411,534,7,10
410,529,7,10
407,522,7,10
402,514,7,10
398,509,7,10
391,501,7,10
388,497,7,10
386,493,7,10
387,489,7,10
388,489,7,10
391,492,7,10
390,491,7,10
385,487,7,9
379,483,7,9
373,479,7,9
365,477,7,9
361,475,7,9
359,477,7,9
359,476,7,9
362,475,7,9
364,476,7,9
367,478,7,9
370,481,7,9
373,482,7,9
377,484,7,9
380,487,7,9
384,484,7,9
364,476,7,9
392,474,8,9
396,472,9,9
397,469,9,9
394,467,9,9
387,463,9,9
379,463,9,8
373,465,9,8
369,466,9,8
365,465,9,8
362,465,10,8
360,464,10,8
358,463,10,8
358,461,10,8
358,455,10,8
359,451,10,8
361,448,10,8
365,446,10,8
368,447,10,8
375,449,10,8
380,451,10,8
387,452,10,8
392,450,10,8
400,449,10,8
403,448,10,8
407,448,10,8
411,444,10,8
412,441,10,8
415,438,10,8
416,436,10,8
416,436,10,8
417,437,10,8
420,439,10,8
421,445,10,8
423,456,10,8
426,464,10,7
426,472,11,7
425,479,11,7
422,488,11,7
417,495,11,7
413,499,11,7
412,504,11,7
413,509,11,7
414,513,11,7
417,517,11,8
422,523,11,8
424,527,11,8
424,535,11,8
424,539,11,8
423,547,11,8
418,554,11,8
414,557,11,8
406,561,11,8
399,562,11,8
393,565,11,8
389,570,11,8
386,574,11,8
385,576,11,8
385,576,11,8
384,575,11,9
382,575,11,9
378,573,11,9
374,572,11,9
370,568,11,9
366,564,11,9
362,560,11,9
357,553,11,8
355,549,11,8
351,544,11,8
348,538,11,8
341,527,11,8
332,513,11,8
325,505,11,8
321,502,11,8
315,497,11,8
311,490,11,8
311,489,11,8
311,489,11,8
312,488,11,8
313,486,11,8
312,481,11,8
310,478,11,8
309,474,11,8
308,470,11,8
309,469,11,8
310,467,11,8
311,464,11,8
310,460,11,8
305,453,11,8
301,450,11,8
298,450,10,8
295,450,10,8
294,449,10,8
295,451,10,8
298,455,10,8
299,458,10,8
304,463,10,8
308,467,10,8
308,475,11,8
309,480,11,8
307,485,11,8
305,487,11,8
303,488,11,8
302,491,11,8
302,493,11,8
304,498,11,8
305,501,11,8
306,505,11,8
307,505,11,8
305,503,11,8
302,503,11,8
295,507,11,8
291,507,11,8
287,505,11,8
288,504,11,8
291,503,11,8
298,503,11,8
301,501,11,8
302,498,11,8
299,496,11,8
294,493,11,8
283,491,11,8
277,490,11,8
271,487,11,8
272,484,11,8
279,481,10,8
288,480,10,8
302,479,11,8
309,475,11,8
316,470,11,8
317,467,11,8
313,460,11,8
307,457,11,8
303,456,11,8
295,455,11,8
293,455,11,8
291,456,11,8
291,457,11,8
292,458,11,8
293,459,11,8
293,458,11,8
294,454,10,8
294,452,10,8
298,448,10,8
303,442,10,8
309,437,10,8
319,432,10,8
327,431,9,8
332,431,10,8
339,428,10,8
343,427,10,8
349,429,10,7
352,435,10,7
355,445,10,7
358,459,10,7
358,469,10,7
354,481,10,7
349,485,10,7
348,489,10,7
352,499,10,7
357,514,10,7
365,543,9,8
367,557,9,8
362,574,9,8
357,586,9,8
349,598,10,8
338,615,10,8
331,626,10,8
328,639,10,8
330,648,9,8
335,661,9,8
336,669,9,8
333,681,9,8
326,687,9,8
306,692,9,8
289,694,10,8
265,698,10,8
252,697,10,8
240,691,10,8
239,688,10,8
244,683,10,8
252,682,10,8
264,678,10,8
269,673,10,8
273,660,10,8
272,651,10,8
271,643,10,8
265,633,10,8
262,625,10,8
257,609,10,8
255,599,10,8
252,592,10,8
253,580,10,8
254,570,10,8
255,557,9,8
255,548,9,8
254,539,9,7
252,534,9,7
248,529,9,7
241,519,9,7
236,510,9,7
232,504,9,7
227,497,9,7
225,490,9,7
226,481,9,7
227,475,10,7
230,468,10,7
235,459,10,7
238,454,10,7
240,449,10,7
241,446,10,7
242,442,10,7
241,438,10,7
239,431,10,7
236,427,10,7
232,423,10,7
229,421,10,7
225,419,10,7
222,410,10,7
224,408,10,7
231,403,10,7
240,395,10,7
249,387,10,7
254,381,10,7
258,375,10,7
263,369,10,7
266,369,10,7
268,368,10,7
270,368,10,7
269,367,10,7
268,367,10,7
265,370,10,7
265,375,10,7
264,377,10,7
265,383,10,7
266,388,10,7
268,394,10,7
270,399,10,7
271,404,10,7
272,405,10,7
273,407,10,7
273,408,10,7
273,409,10,7
272,413,10,7
271,415,10,7
267,415,10,7
265,415,10,7
262,418,10,7
260,420,10,7
259,423,10,7
260,424,10,7
261,422,10,6
263,415,10,6
266,408,10,6
269,401,10,6
269,400,10,6
268,401,10,6
267,402,10,6
264,404,10,6
261,404,10,6
257,406,10,6
255,406,10,6
251,405,10,6
249,403,10,6
246,404,10,6
246,404,10,6
248,400,10,6
252,395,10,6
256,386,10,6
260,381,10,7
263,375,10,7
267,367,10,7
268,366,10,7
266,367,10,7
263,369,10,7
258,373,10,7
255,383,10,7
256,391,10,7
263,399,10,7
270,400,10,6
277,395,10,6
285,384,10,6
287,376,10,6
286,368,10,6
285,358,9,6
282,344,9,6
280,337,9,6
277,329,9,6
275,322,9,6
275,312,9,6
275,308,9,6
278,310,9,6
281,313,9,6
286,314,9,6
289,314,9,6
293,314,9,6
296,313,9,6
298,314,9,6
299,319,10,6
300,321,10,6
298,318,10,6
297,312,9,6
296,302,9,6
297,298,9,6
295,290,9,6
293,290,9,6
292,290,9,6
293,288,9,6
295,284,9,6
297,279,9,7
303,275,9,7
308,276,9,7
320,273,9,7
333,271,9,7
341,275,9,7
343,276,9,7
343,276,9,7
341,274,9,7
341,275,9,8
344,275,9,8
346,274,10,8
349,270,10,8
347,263,10,8
344,258,10,8
343,251,9,8
343,239,9,8
341,228,9,8
339,227,9,8
337,228,9,8
335,231,9,8
336,232,9,8
340,231,9,8
344,232,9,8
353,234,9,8
359,235,9,8
364,234,9,8
371,233,9,8
373,232,9,8
373,228,9,8
372,226,9,8
369,226,9,8
369,226,9,8
369,225,9,8
373,226,9,8
378,228,9,8
389,234,9,8
397,239,9,8
409,248,9,8
413,255,9,8
419,262,9,8
420,263,9,8
419,257,9,8
414,234,9,8
414,222,9,8
408,210,8,8
404,206,9,8
399,206,8,8
396,210,8,8
395,232,8,8
398,247,8,8
409,271,8,8
419,285,8,8
434,297,8,8
447,305,8,8
453,307,8,8
458,310,8,8
461,307,8,8
460,301,8,8
456,301,8,8
453,302,8,8
448,304,8,8
444,306,8,8
442,312,8,8
442,316,8,8
444,319,8,8
446,318,8,8
452,318,8,8
456,317,8,8
462,312,8,8
468,307,8,8
471,302,8,8
473,299,8,8
473,292,8,8
472,288,8,8
466,285,8,8
461,284,8,8
455,282,8,8
451,282,8,8
447,283,8,8
447,285,8,8
447,288,8,8
447,289,8,8
448,287,8,8
449,285,8,8
452,284,8,8
455,281,8,8
459,275,8,8
461,270,8,8
464,262,8,8
465,260,8,8
465,260,8,8
465,261,8,8
464,259,8,8
464,257,8,8
465,255,8,8
466,254,8,8
467,252,8,8
468,247,8,8
471,242,8,8
473,241,8,8
476,238,8,8
477,234,8,8
478,224,8,8
479,220,8,8
479,217,8,8
479,215,8,8
478,213,8,8
477,213,8,8
478,213,8,8
479,213,8,8
482,210,8,8
488,208,8,8
493,207,8,8
502,204,8,8
507,201,8,8
514,195,8,8
518,191,8,8
528,185,8,7
531,185,8,7
533,185,8,7
534,187,8,7
534,188,8,7
535,187,8,7
536,188,8,7
537,189,8,7
528,185,8,7
544,193,8,7
548,197,8,7
550,199,8,7
552,200,8,7
554,203,9,7
557,210,9,7
559,213,9,7
564,216,9,7
567,219,9,7
570,221,9,7
574,227,9,7
577,231,9,7
579,234,9,7
581,241,9,7
582,247,9,7
585,255,9,7
588,264,10,6
591,270,10,7
592,277,10,7
595,289,10,7
597,297,10,7
600,303,10,7
604,312,10,6
607,316,10,6
611,320,10,6
611,322,10,6
611,325,10,6
610,331,10,6
607,336,10,6
602,346,10,6
601,351,10,6
599,357,10,6
600,361,10,6
601,362,10,6
603,360,10,6
603,360,10,6
604,360,10,6
603,362,10,6
602,363,10,6
597,367,10,6
593,366,10,6
589,364,10,6
585,359,10,6
581,349,10,6
578,343,10,6
576,336,10,6
575,331,10,6
575,323,10,6
575,316,10,6
575,309,10,6
577,299,10,6
580,292,10,6
585,284,10,6
588,279,10,6
592,273,10,6
593,270,10,6
596,265,10,6
597,264,9,6
597,262,9,6
597,260,9,6
598,254,10,6
599,248,10,6
601,241,10,6
602,237,10,6
601,233,10,6
601,229,10,6
602,222,10,6
603,213,10,6
605,211,10,6
608,209,10,6
612,208,10,6
615,207,10,6
621,204,10,6
627,203,10,6
632,202,10,7
637,202,9,7
641,203,9,7
646,207,9,7
649,210,9,7
653,213,9,7
656,214,9,7
659,217,9,7
663,223,9,7
667,229,9,7
667,233,10,7
668,237,10,7
667,242,10,7
665,251,10,7
664,256,10,7
664,264,9,7
665,268,9,7
667,273,9,7
669,279,9,7
672,287,9,7
676,301,10,7
679,309,10,7
683,323,10,7
685,332,10,7
689,346,10,7
692,353,10,7
695,362,10,7
697,367,10,7
699,371,10,7
700,377,10,7
700,383,10,7
697,395,10,7
694,401,10,7
690,410,10,6
688,416,10,6
685,426,10,6
685,432,10,6
686,446,10,6
686,452,10,6
686,453,10,6
683,452,10,6
680,450,10,6
676,447,10,6
671,440,10,6
668,431,10,6
665,425,10,6
665,422,10,6
665,416,10,6
665,413,10,6
662,412,10,6
658,411,10,6
656,411,10,6
653,411,10,6
652,410,10,6
655,408,10,6
658,405,10,6
661,400,10,6
668,384,10,6
668,376,10,6
665,366,10,6
663,360,10,6
659,349,10,6
657,345,10,6
