233,448,7,7
234,448,7,7
235,446,7,7
236,445,7,7
237,446,7,7
237,445,7,7
237,442,7,7
235,443,7,7
232,440,7,7
229,435,6,7
225,433,6,7
217,431,7,7
214,429,7,7
211,423,7,8
209,419,7,8
212,416,7,8
215,415,7,8
220,416,7,8
222,415,7,8
221,408,7,8
219,401,7,8
216,393,7,8
210,378,7,8
207,371,7,8
204,364,7,8
202,361,7,8
202,357,7,8
204,353,7,8
206,353,7,8
208,352,7,8
210,350,7,8
211,347,7,8
212,346,7,8
209,344,7,8
208,342,7,8
207,335,7,8
208,312,7,8
209,305,7,8
212,301,7,8
216,300,7,8
218,299,7,8
220,300,7,8
220,304,7,8
220,307,7,8
217,315,7,8
216,319,7,8
215,327,7,8
216,332,7,8
218,336,7,8
223,335,7,8
230,333,7,8
235,331,7,8
240,329,7,8
243,323,7,8
246,316,7,8
249,307,7,8
250,300,7,8
251,286,7,8
251,283,7,8
252,279,7,8
252,275,7,8
252,273,7,8
252,273,7,8
252,273,7,8
252,274,7,8
252,267,7,8
252,261,7,8
251,256,7,8
250,253,7,8
250,252,7,8
251,251,7,8
254,248,7,8
258,248,7,8
262,247,7,8
268,243,7,8
272,240,7,8
274,239,8,8
278,237,8,8
280,234,8,8
282,232,8,8
283,231,8,8
285,227,8,8
285,223,8,8
286,217,8,8
285,215,8,8
284,216,8,7
283,220,8,7
283,226,8,7
285,231,8,7
289,237,7,7
291,240,7,7
294,244,7,7
297,244,7,8
301,245,7,8
303,246,7,8
305,246,7,8
306,246,7,8
306,245,7,8
305,248,7,8
303,252,7,8
302,254,7,8
301,256,7,8
301,260,7,8
305,264,7,8
310,267,7,8
313,269,7,8
315,267,7,8
315,268,7,8
315,270,7,8
317,271,7,8
317,273,7,8
321,275,7,8
324,277,7,8
327,279,7,8
329,281,7,8
329,281,7,8
330,282,7,8
329,283,8,8
330,288,8,8
330,290,8,8
330,294,8,8
331,291,8,8
331,287,8,8
330,281,8,8
328,277,8,8
325,274,8,8
322,273,8,8
317,272,8,8
314,269,8,8
311,265,8,8
308,258,8,8
309,255,8,8
311,253,8,8
315,247,8,8
319,246,8,8
327,247,8,8
331,248,9,8
338,245,8,8
341,243,8,8
343,237,8,8
345,234,8,8
345,230,8,8
343,223,8,8
341,219,8,8
341,214,8,8
342,209,8,8
342,204,7,8
344,202,7,8
346,200,7,8
350,197,7,8
353,196,7,8
356,193,7,8
361,184,7,8
364,178,7,8
367,174,7,8
371,167,7,8
372,163,7,8
376,160,7,8
378,156,7,8
380,152,7,8
381,148,7,8
385,140,7,8
388,136,7,8
391,131,7,8
397,123,7,8
401,119,7,8
405,115,7,8
407,112,7,8
409,110,7,8
412,108,7,8
415,109,7,8
418,108,7,8
420,108,7,8
423,109,7,8
426,112,7,8
427,119,7,8
433,128,7,8
438,133,7,8
447,138,7,8
457,137,7,8
463,135,7,8
473,134,7,8
478,133,7,8
483,133,7,8
487,131,7,8
491,129,7,8
494,128,7,8
495,131,7,8
497,133,7,8
499,135,7,8
502,139,7,8
504,144,7,8
509,153,7,8
513,158,7,8
520,162,7,8
527,166,7,8
532,169,7,8
543,174,7,8
549,180,7,8
557,190,6,8
563,199,6,8
565,200,6,8
569,200,6,8
569,200,6,8
573,202,6,8
575,203,7,8
579,205,7,8
583,210,7,8
583,213,7,8
583,215,7,8
580,217,7,8
577,219,7,8
572,222,7,8
570,220,7,8
569,219,7,8
568,219,7,8
567,220,7,8
569,223,7,8
571,226,7,8
573,230,7,8
576,231,7,8
578,232,7,8
581,232,7,8
583,231,7,8
586,229,7,8
590,227,7,8
596,222,7,8
598,220,7,8
599,221,7,8
599,220,7,8
598,217,7,8
598,218,7,8
597,218,7,8
595,219,7,8
597,222,7,8
599,225,7,8
601,221,7,8
607,216,7,8
612,212,7,8
619,207,7,8
621,204,7,8
624,200,7,8
624,201,7,8
622,205,7,8
617,214,7,8
614,221,7,8
614,225,7,8
616,228,7,8
621,231,7,8
629,229,7,8
634,228,7,8
640,226,7,8
643,225,7,8
645,224,7,8
645,222,7,8
644,218,7,8
643,214,7,8
642,212,7,8
641,215,7,8
641,219,7,8
643,223,7,8
645,221,7,8
649,220,7,8
653,220,7,8
656,221,7,8
659,223,7,8
661,224,7,8
663,225,7,8
664,226,7,8
665,228,7,8
667,229,7,8
673,230,7,8
679,230,7,8
684,231,7,8
690,231,7,8
693,229,8,8
697,227,8,8
700,226,8,8
702,224,8,8
704,224,8,8
704,225,8,8
706,230,9,8
707,236,9,8
707,242,9,8
710,253,9,8
712,260,9,8
714,275,9,8
718,282,9,8
722,292,9,8
726,294,9,8
733,296,9,8
735,300,9,8
735,307,9,8
735,313,9,8
733,323,9,8
730,329,9,8
726,333,9,8
722,330,9,8
722,330,9,8
724,331,9,8
730,332,9,8
734,336,9,8
736,338,9,8
736,339,8,8
733,342,8,8
725,337,8,8
719,336,8,8
712,340,8,8
704,348,9,7
703,352,9,7
706,356,9,7
711,357,9,7
724,356,9,7
730,353,9,7
736,347,9,7
737,344,9,7
737,342,9,7
733,339,9,7
729,339,9,7
725,339,9,7
720,340,9,7
715,340,9,7
712,340,9,7
710,341,9,7
710,341,9,7
710,340,9,7
711,338,9,7
712,334,9,7
713,329,9,7
714,325,9,7
715,321,9,7
714,318,9,7
714,314,9,7
717,311,9,7
722,305,8,7
726,300,8,7
727,296,8,7
731,291,8,7
733,287,8,7
734,285,8,7
735,284,8,7
736,283,8,7
740,284,8,7
742,287,8,7
747,295,8,7
751,302,8,7
755,312,8,7
759,317,8,7
763,328,8,7
765,331,8,7
771,332,8,7
773,330,8,7
776,330,8,7
777,330,8,7
777,333,8,7
775,335,8,7
775,336,8,7
773,339,8,7
773,343,8,7
774,350,8,7
775,358,8,7
776,364,8,7
778,373,8,7
779,380,8,7
781,390,8,7
781,394,8,7
781,401,8,7
781,404,8,7
783,409,8,7
786,411,8,7
789,415,8,7
790,417,9,7
791,419,9,7
792,423,9,7
793,426,9,7
794,433,9,7
796,440,9,7
794,444,9,7
793,449,9,7
788,458,9,7
786,463,9,7
783,471,9,7
782,474,9,7
781,477,9,7
779,481,9,7
777,482,9,7
774,484,9,7
771,486,9,7
768,487,9,7
763,490,9,7
760,491,9,7
756,493,9,7
752,493,9,7
749,494,9,7
747,495,9,7
743,496,9,7
741,496,9,7
737,494,9,7
736,491,9,7
736,488,9,7
737,484,9,7
738,482,9,7
738,484,9,7
739,486,9,7
737,488,9,7
735,487,9,7
733,485,9,7
730,481,9,7
729,477,9,7
729,473,9,7
727,469,9,7
727,467,9,7
726,467,9,7
726,467,9,7
727,467,9,7
727,465,9,7
729,461,9,7
727,456,9,7
728,455,9,7
725,456,9,7
723,454,9,7
721,448,9,7
720,444,9,7
718,441,9,7
720,440,9,7
721,438,9,7
721,439,9,7
721,441,9,7
722,442,9,7
721,444,9,7
